0 1 499
0.1 1.04243 498.958
0.2 1.08665 498.913
0.3 1.13274 498.867
0.4 1.18078 498.819
0.5 1.23085 498.769
0.6 1.28304 498.717
0.7 1.33743 498.663
0.8 1.39412 498.606
0.9 1.4532 498.547
1 1.51478 498.485
1.1 1.57895 498.421
1.2 1.64583 498.354
1.3 1.71553 498.284
1.4 1.78817 498.212
1.5 1.86386 498.136
1.6 1.94275 498.057
1.7 2.02495 497.975
1.8 2.11062 497.889
1.9 2.19988 497.8
2 2.2929 497.707
2.1 2.38982 497.61
2.2 2.49081 497.509
2.3 2.59605 497.404
2.4 2.70569 497.294
2.5 2.81993 497.18
2.6 2.93895 497.061
2.7 3.06296 496.937
2.8 3.19215 496.808
2.9 3.32674 496.673
3 3.46696 496.533
3.1 3.61302 496.387
3.2 3.76518 496.235
3.3 3.92367 496.076
3.4 4.08876 495.911
3.5 4.26072 495.739
3.6 4.43982 495.56
3.7 4.62635 495.374
3.8 4.82062 495.179
3.9 5.02293 494.977
4 5.23361 494.766
4.1 5.45299 494.547
4.2 5.68143 494.319
4.3 5.91928 494.081
4.4 6.16693 493.833
4.5 6.42474 493.575
4.6 6.69314 493.307
4.7 6.97254 493.027
4.8 7.26336 492.737
4.9 7.56607 492.434
5 7.88111 492.119
5.1 8.20897 491.791
5.2 8.55016 491.45
5.3 8.90517 491.095
5.4 9.27455 490.725
5.5 9.65883 490.341
5.6 10.0586 489.941
5.7 10.4744 489.526
5.8 10.9069 489.093
5.9 11.3567 488.643
6 11.8245 488.176
6.1 12.3108 487.689
6.2 12.8164 487.184
6.3 13.3421 486.658
6.4 13.8884 486.112
6.5 14.4562 485.544
6.6 15.0463 484.954
6.7 15.6593 484.341
6.8 16.2962 483.704
6.9 16.9578 483.042
7 17.6449 482.355
7.1 18.3584 481.642
7.2 19.0992 480.901
7.3 19.8682 480.132
7.4 20.6664 479.334
7.5 21.4946 478.505
7.6 22.354 477.646
7.7 23.2454 476.755
7.8 24.1699 475.83
7.9 25.1285 474.871
8 26.1223 473.878
8.1 27.1524 472.848
8.2 28.2197 471.78
8.3 29.3254 470.675
8.4 30.4707 469.529
8.5 31.6565 468.343
8.6 32.8841 467.116
8.7 34.1545 465.845
8.8 35.4689 464.531
8.9 36.8285 463.172
9 38.2342 461.766
9.1 39.6873 460.313
9.2 41.1888 458.811
9.3 42.7399 457.26
9.4 44.3417 455.658
9.5 45.9952 454.005
9.6 47.7015 452.299
9.7 49.4616 450.538
9.8 51.2764 448.724
9.9 53.1471 446.853
10 55.0744 444.926
10.1 57.0593 442.941
10.2 59.1026 440.897
10.3 61.2051 438.795
10.4 63.3675 436.632
10.5 65.5905 434.409
10.6 67.8747 432.125
10.7 70.2206 429.779
10.8 72.6286 427.371
10.9 75.0991 424.901
11 77.6323 422.368
11.1 80.2286 419.771
11.2 82.8878 417.112
11.3 85.6101 414.39
11.4 88.3953 411.605
11.5 91.243 408.757
11.6 94.1531 405.847
11.7 97.1249 402.875
11.8 100.158 399.842
11.9 103.251 396.749
12 106.405 393.595
12.1 109.616 390.384
12.2 112.885 387.115
12.3 116.211 383.789
12.4 119.591 380.409
12.5 123.024 376.976
12.6 126.509 373.491
12.7 130.044 369.956
12.8 133.627 366.373
12.9 137.256 362.744
13 140.928 359.072
13.1 144.641 355.359
13.2 148.394 351.606
13.3 152.183 347.817
13.4 156.006 343.994
13.5 159.86 340.14
13.6 163.742 336.258
13.7 167.649 332.351
13.8 171.579 328.421
13.9 175.528 324.472
14 179.494 320.506
14.1 183.473 316.527
14.2 187.461 312.539
14.3 191.457 308.543
14.4 195.456 304.544
14.5 199.456 300.544
14.6 203.453 296.547
14.7 207.444 292.556
14.8 211.425 288.575
14.9 215.395 284.605
15 219.35 280.65
15.1 223.286 276.714
15.2 227.2 272.8
15.3 231.091 268.909
15.4 234.955 265.045
15.5 238.789 261.211
15.6 242.591 257.409
15.7 246.358 253.642
15.8 250.088 249.912
15.9 253.779 246.221
16 257.427 242.573
16.1 261.032 238.968
16.2 264.592 235.408
16.3 268.103 231.897
16.4 271.566 228.434
16.5 274.978 225.022
16.6 278.337 221.663
16.7 281.643 218.357
16.8 284.895 215.105
16.9 288.09 211.91
17 291.229 208.771
17.1 294.31 205.69
17.2 297.333 202.667
17.3 300.297 199.703
17.4 303.201 196.799
17.5 306.046 193.954
17.6 308.831 191.169
17.7 311.556 188.444
17.8 314.22 185.78
17.9 316.825 183.175
18 319.369 180.631
18.1 321.854 178.146
18.2 324.279 175.721
18.3 326.645 173.355
18.4 328.952 171.048
18.5 331.2 168.8
18.6 333.392 166.608
18.7 335.526 164.474
18.8 337.603 162.397
18.9 339.625 160.375
19 341.592 158.408
19.1 343.505 156.495
19.2 345.365 154.635
19.3 347.172 152.828
19.4 348.928 151.072
19.5 350.633 149.367
19.6 352.288 147.712
19.7 353.895 146.105
19.8 355.454 144.546
19.9 356.966 143.034
20 358.433 141.567
20.1 359.854 140.146
20.2 361.232 138.768
20.3 362.568 137.432
20.4 363.861 136.139
20.5 365.114 134.886
20.6 366.327 133.673
20.7 367.502 132.498
20.8 368.639 131.361
20.9 369.739 130.261
21 370.803 129.197
21.1 371.832 128.168
21.2 372.828 127.172
21.3 373.791 126.209
21.4 374.722 125.278
21.5 375.622 124.378
21.6 376.491 123.509
21.7 377.332 122.668
21.8 378.143 121.857
21.9 378.928 121.072
22 379.685 120.315
22.1 380.417 119.583
22.2 381.124 118.876
22.3 381.806 118.194
22.4 382.464 117.536
22.5 383.1 116.9
22.6 383.714 116.286
22.7 384.306 115.694
22.8 384.877 115.123
22.9 385.429 114.571
23 385.96 114.04
23.1 386.474 113.526
23.2 386.969 113.031
23.3 387.446 112.554
23.4 387.906 112.094
23.5 388.35 111.65
23.6 388.778 111.222
23.7 389.191 110.809
23.8 389.589 110.411
23.9 389.973 110.027
24 390.343 109.657
24.1 390.699 109.301
24.2 391.043 108.957
24.3 391.374 108.626
24.4 391.693 108.307
24.5 392.001 107.999
24.6 392.297 107.703
24.7 392.583 107.417
24.8 392.858 107.142
24.9 393.123 106.877
25 393.379 106.621
25.1 393.625 106.375
25.2 393.862 106.138
25.3 394.091 105.909
25.4 394.311 105.689
25.5 394.523 105.477
25.6 394.727 105.273
25.7 394.923 105.077
25.8 395.113 104.887
25.9 395.295 104.705
26 395.471 104.529
26.1 395.64 104.36
26.2 395.803 104.197
26.3 395.96 104.04
26.4 396.111 103.889
26.5 396.256 103.744
26.6 396.396 103.604
26.7 396.531 103.469
26.8 396.661 103.339
26.9 396.786 103.214
27 396.907 103.093
27.1 397.022 102.978
27.2 397.134 102.866
27.3 397.242 102.758
27.4 397.345 102.655
27.5 397.445 102.555
27.6 397.54 102.46
27.7 397.633 102.367
27.8 397.722 102.278
27.9 397.807 102.193
28 397.889 102.111
28.1 397.969 102.031
28.2 398.045 101.955
28.3 398.118 101.882
28.4 398.189 101.811
28.5 398.257 101.743
28.6 398.323 101.677
28.7 398.386 101.614
28.8 398.446 101.554
28.9 398.505 101.495
29 398.561 101.439
29.1 398.615 101.385
29.2 398.667 101.333
29.3 398.717 101.283
29.4 398.766 101.234
29.5 398.812 101.188
29.6 398.857 101.143
29.7 398.9 101.1
29.8 398.941 101.059
29.9 398.981 101.019
30 399.019 100.981
30.1 399.056 100.944
30.2 399.092 100.908
30.3 399.126 100.874
30.4 399.159 100.841
30.5 399.191 100.809
30.6 399.221 100.779
30.7 399.25 100.75
30.8 399.279 100.721
30.9 399.306 100.694
31 399.332 100.668
31.1 399.357 100.643
31.2 399.381 100.619
31.3 399.405 100.595
31.4 399.427 100.573
31.5 399.449 100.551
31.6 399.47 100.53
31.7 399.49 100.51
31.8 399.509 100.491
31.9 399.527 100.473
32 399.545 100.455
32.1 399.562 100.438
32.2 399.579 100.421
32.3 399.595 100.405
32.4 399.61 100.39
32.5 399.625 100.375
32.6 399.639 100.361
32.7 399.652 100.348
32.8 399.665 100.335
32.9 399.678 100.322
33 399.69 100.31
33.1 399.702 100.298
33.2 399.713 100.287
33.3 399.724 100.276
33.4 399.734 100.266
33.5 399.744 100.256
33.6 399.754 100.246
33.7 399.763 100.237
33.8 399.772 100.228
33.9 399.781 100.219
34 399.789 100.211
34.1 399.797 100.203
34.2 399.805 100.195
34.3 399.812 100.188
34.4 399.819 100.181
34.5 399.826 100.174
34.6 399.833 100.167
34.7 399.839 100.161
34.8 399.845 100.155
34.9 399.851 100.149
35 399.856 100.144
35.1 399.862 100.138
35.2 399.867 100.133
35.3 399.872 100.128
35.4 399.877 100.123
35.5 399.882 100.118
35.6 399.886 100.114
35.7 399.89 100.11
35.8 399.894 100.106
35.9 399.898 100.102
36 399.902 100.098
36.1 399.906 100.094
36.2 399.909 100.091
36.3 399.913 100.087
36.4 399.916 100.084
36.5 399.919 100.081
36.6 399.922 100.078
36.7 399.925 100.075
36.8 399.928 100.072
36.9 399.931 100.069
37 399.933 100.067
37.1 399.936 100.064
37.2 399.938 100.062
37.3 399.941 100.059
37.4 399.943 100.057
37.5 399.945 100.055
37.6 399.947 100.053
37.7 399.949 100.051
37.8 399.951 100.049
37.9 399.953 100.047
38 399.955 100.045
38.1 399.956 100.044
38.2 399.958 100.042
38.3 399.96 100.04
38.4 399.961 100.039
38.5 399.963 100.037
38.6 399.964 100.036
38.7 399.965 100.035
38.8 399.967 100.033
38.9 399.968 100.032
39 399.969 100.031
39.1 399.97 100.03
39.2 399.971 100.029
39.3 399.973 100.027
39.4 399.974 100.026
39.5 399.975 100.025
39.6 399.976 100.024
39.7 399.976 100.024
39.8 399.977 100.023
39.9 399.978 100.022
40 399.979 100.021
40.1 399.98 100.02
40.2 399.981 100.019
40.3 399.981 100.019
40.4 399.982 100.018
40.5 399.983 100.017
40.6 399.983 100.017
40.7 399.984 100.016
40.8 399.985 100.015
40.9 399.985 100.015
41 399.986 100.014
41.1 399.986 100.014
41.2 399.987 100.013
41.3 399.987 100.013
41.4 399.988 100.012
41.5 399.988 100.012
41.6 399.989 100.011
41.7 399.989 100.011
41.8 399.989 100.011
41.9 399.99 100.01
42 399.99 100.01
42.1 399.991 100.009
42.2 399.991 100.009
42.3 399.991 100.009
42.4 399.992 100.008
42.5 399.992 100.008
42.6 399.992 100.008
42.7 399.993 100.007
42.8 399.993 100.007
42.9 399.993 100.007
43 399.993 100.007
43.1 399.994 100.006
43.2 399.994 100.006
43.3 399.994 100.006
43.4 399.994 100.006
43.5 399.995 100.005
43.6 399.995 100.005
43.7 399.995 100.005
43.8 399.995 100.005
43.9 399.995 100.005
44 399.995 100.005
44.1 399.996 100.004
44.2 399.996 100.004
44.3 399.996 100.004
44.4 399.996 100.004
44.5 399.996 100.004
44.6 399.996 100.004
44.7 399.997 100.003
44.8 399.997 100.003
44.9 399.997 100.003
45 399.997 100.003
45.1 399.997 100.003
45.2 399.997 100.003
45.3 399.997 100.003
45.4 399.997 100.003
45.5 399.997 100.003
45.6 399.998 100.002
45.7 399.998 100.002
45.8 399.998 100.002
45.9 399.998 100.002
46 399.998 100.002
46.1 399.998 100.002
46.2 399.998 100.002
46.3 399.998 100.002
46.4 399.998 100.002
46.5 399.998 100.002
46.6 399.998 100.002
46.7 399.998 100.002
46.8 399.998 100.002
46.9 399.999 100.001
47 399.999 100.001
47.1 399.999 100.001
47.2 399.999 100.001
47.3 399.999 100.001
47.4 399.999 100.001
47.5 399.999 100.001
47.6 399.999 100.001
47.7 399.999 100.001
47.8 399.999 100.001
47.9 399.999 100.001
48 399.999 100.001
48.1 399.999 100.001
48.2 399.999 100.001
48.3 399.999 100.001
48.4 399.999 100.001
48.5 399.999 100.001
48.6 399.999 100.001
48.7 399.999 100.001
48.8 399.999 100.001
48.9 399.999 100.001
49 399.999 100.001
49.1 399.999 100.001
49.2 399.999 100.001
49.3 399.999 100.001
49.4 399.999 100.001
49.5 399.999 100.001
49.6 399.999 100.001
49.7 399.999 100.001
49.8 400 100
49.9 400 100
50 400 100
50.1 400 100
50.2 400 100
50.3 400 100
50.4 400 100
50.5 400 100
50.6 400 100
50.7 400 100
50.8 400 100
50.9 400 100
51 400 100
51.1 400 100
51.2 400 100
51.3 400 100
51.4 400 100
51.5 400 100
51.6 400 100
51.7 400 100
51.8 400 100
51.9 400 100
52 400 100
52.1 400 100
52.2 400 100
52.3 400 100
52.4 400 100
52.5 400 100
52.6 400 100
52.7 400 100
52.8 400 100
52.9 400 100
53 400 100
53.1 400 100
53.2 400 100
53.3 400 100
53.4 400 100
53.5 400 100
53.6 400 100
53.7 400 100
53.8 400 100
53.9 400 100
54 400 100
54.1 400 100
54.2 400 100
54.3 400 100
54.4 400 100
54.5 400 100
54.6 400 100
54.7 400 100
54.8 400 100
54.9 400 100
55 400 100
55.1 400 100
55.2 400 100
55.3 400 100
55.4 400 100
55.5 400 100
55.6 400 100
55.7 400 100
55.8 400 100
55.9 400 100
56 400 100
56.1 400 100
56.2 400 100
56.3 400 100
56.4 400 100
56.5 400 100
56.6 400 100
56.7 400 100
56.8 400 100
56.9 400 100
57 400 100
57.1 400 100
57.2 400 100
57.3 400 100
57.4 400 100
57.5 400 100
57.6 400 100
57.7 400 100
57.8 400 100
57.9 400 100
58 400 100
58.1 400 100
58.2 400 100
58.3 400 100
58.4 400 100
58.5 400 100
58.6 400 100
58.7 400 100
58.8 400 100
58.9 400 100
59 400 100
59.1 400 100
59.2 400 100
59.3 400 100
59.4 400 100
59.5 400 100
59.6 400 100
59.7 400 100
59.8 400 100
59.9 400 100
60 400 100
60.1 400 100
60.2 400 100
60.3 400 100
60.4 400 100
60.5 400 100
60.6 400 100
60.7 400 100
60.8 400 100
60.9 400 100
61 400 100
61.1 400 100
61.2 400 100
61.3 400 100
61.4 400 100
61.5 400 100
61.6 400 100
61.7 400 100
61.8 400 100
61.9 400 100
62 400 100
62.1 400 100
62.2 400 100
62.3 400 100
62.4 400 100
62.5 400 100
62.6 400 100
62.7 400 100
62.8 400 100
62.9 400 100
63 400 100
63.1 400 100
63.2 400 100
63.3 400 100
63.4 400 100
63.5 400 100
63.6 400 100
63.7 400 100
63.8 400 100
63.9 400 100
64 400 100
64.1 400 100
64.2 400 100
64.3 400 100
64.4 400 100
64.5 400 100
64.6 400 100
64.7 400 100
64.8 400 100
64.9 400 100
65 400 100
65.1 400 100
65.2 400 100
65.3 400 100
65.4 400 100
65.5 400 100
65.6 400 100
65.7 400 100
65.8 400 100
65.9 400 100
66 400 100
66.1 400 100
66.2 400 100
66.3 400 100
66.4 400 100
66.5 400 100
66.6 400 100
66.7 400 100
66.8 400 100
66.9 400 100
67 400 100
67.1 400 100
67.2 400 100
67.3 400 100
67.4 400 100
67.5 400 100
67.6 400 100
67.7 400 100
67.8 400 100
67.9 400 100
68 400 100
68.1 400 100
68.2 400 100
68.3 400 100
68.4 400 100
68.5 400 100
68.6 400 100
68.7 400 100
68.8 400 100
68.9 400 100
69 400 100
69.1 400 100
69.2 400 100
69.3 400 100
69.4 400 100
69.5 400 100
69.6 400 100
69.7 400 100
69.8 400 100
69.9 400 100
70 400 100
70.1 400 100
70.2 400 100
70.3 400 100
70.4 400 100
70.5 400 100
70.6 400 100
70.7 400 100
70.8 400 100
70.9 400 100
71 400 100
71.1 400 100
71.2 400 100
71.3 400 100
71.4 400 100
71.5 400 100
71.6 400 100
71.7 400 100
71.8 400 100
71.9 400 100
72 400 100
72.1 400 100
72.2 400 100
72.3 400 100
72.4 400 100
72.5 400 100
72.6 400 100
72.7 400 100
72.8 400 100
72.9 400 100
73 400 100
73.1 400 100
73.2 400 100
73.3 400 100
73.4 400 100
73.5 400 100
73.6 400 100
73.7 400 100
73.8 400 100
73.9 400 100
74 400 100
74.1 400 100
74.2 400 100
74.3 400 100
74.4 400 100
74.5 400 100
74.6 400 100
74.7 400 100
74.8 400 100
74.9 400 100
75 400 100
75.1 400 100
75.2 400 100
75.3 400 100
75.4 400 100
75.5 400 100
75.6 400 100
75.7 400 100
75.8 400 100
75.9 400 100
76 400 100
76.1 400 100
76.2 400 100
76.3 400 100
76.4 400 100
76.5 400 100
76.6 400 100
76.7 400 100
76.8 400 100
76.9 400 100
77 400 100
77.1 400 100
77.2 400 100
77.3 400 100
77.4 400 100
77.5 400 100
77.6 400 100
77.7 400 100
77.8 400 100
77.9 400 100
78 400 100
78.1 400 100
78.2 400 100
78.3 400 100
78.4 400 100
78.5 400 100
78.6 400 100
78.7 400 100
78.8 400 100
78.9 400 100
79 400 100
79.1 400 100
79.2 400 100
79.3 400 100
79.4 400 100
79.5 400 100
79.6 400 100
79.7 400 100
79.8 400 100
79.9 400 100
80 400 100
80.1 400 100
80.2 400 100
80.3 400 100
80.4 400 100
80.5 400 100
80.6 400 100
80.7 400 100
80.8 400 100
80.9 400 100
81 400 100
81.1 400 100
81.2 400 100
81.3 400 100
81.4 400 100
81.5 400 100
81.6 400 100
81.7 400 100
81.8 400 100
81.9 400 100
82 400 100
82.1 400 100
82.2 400 100
82.3 400 100
82.4 400 100
82.5 400 100
82.6 400 100
82.7 400 100
82.8 400 100
82.9 400 100
83 400 100
83.1 400 100
83.2 400 100
83.3 400 100
83.4 400 100
83.5 400 100
83.6 400 100
83.7 400 100
83.8 400 100
83.9 400 100
84 400 100
84.1 400 100
84.2 400 100
84.3 400 100
84.4 400 100
84.5 400 100
84.6 400 100
84.7 400 100
84.8 400 100
84.9 400 100
85 400 100
85.1 400 100
85.2 400 100
85.3 400 100
85.4 400 100
85.5 400 100
85.6 400 100
85.7 400 100
85.8 400 100
85.9 400 100
86 400 100
86.1 400 100
86.2 400 100
86.3 400 100
86.4 400 100
86.5 400 100
86.6 400 100
86.7 400 100
86.8 400 100
86.9 400 100
87 400 100
87.1 400 100
87.2 400 100
87.3 400 100
87.4 400 100
87.5 400 100
87.6 400 100
87.7 400 100
87.8 400 100
87.9 400 100
88 400 100
88.1 400 100
88.2 400 100
88.3 400 100
88.4 400 100
88.5 400 100
88.6 400 100
88.7 400 100
88.8 400 100
88.9 400 100
89 400 100
89.1 400 100
89.2 400 100
89.3 400 100
89.4 400 100
89.5 400 100
89.6 400 100
89.7 400 100
89.8 400 100
89.9 400 100
90 400 100
90.1 400 100
90.2 400 100
90.3 400 100
90.4 400 100
90.5 400 100
90.6 400 100
90.7 400 100
90.8 400 100
90.9 400 100
91 400 100
91.1 400 100
91.2 400 100
91.3 400 100
91.4 400 100
91.5 400 100
91.6 400 100
91.7 400 100
91.8 400 100
91.9 400 100
92 400 100
92.1 400 100
92.2 400 100
92.3 400 100
92.4 400 100
92.5 400 100
92.6 400 100
92.7 400 100
92.8 400 100
92.9 400 100
93 400 100
93.1 400 100
93.2 400 100
93.3 400 100
93.4 400 100
93.5 400 100
93.6 400 100
93.7 400 100
93.8 400 100
93.9 400 100
94 400 100
94.1 400 100
94.2 400 100
94.3 400 100
94.4 400 100
94.5 400 100
94.6 400 100
94.7 400 100
94.8 400 100
94.9 400 100
95 400 100
95.1 400 100
95.2 400 100
95.3 400 100
95.4 400 100
95.5 400 100
95.6 400 100
95.7 400 100
95.8 400 100
95.9 400 100
96 400 100
96.1 400 100
96.2 400 100
96.3 400 100
96.4 400 100
96.5 400 100
96.6 400 100
96.7 400 100
96.8 400 100
96.9 400 100
97 400 100
97.1 400 100
97.2 400 100
97.3 400 100
97.4 400 100
97.5 400 100
97.6 400 100
97.7 400 100
97.8 400 100
97.9 400 100
98 400 100
98.1 400 100
98.2 400 100
98.3 400 100
98.4 400 100
98.5 400 100
98.6 400 100
98.7 400 100
98.8 400 100
98.9 400 100
99 400 100
99.1 400 100
99.2 400 100
99.3 400 100
99.4 400 100
99.5 400 100
99.6 400 100
99.7 400 100
99.8 400 100
99.9 400 100
100 400 100
