2	1	0.013199346	-0.0096045083
2.1660241	0.083012063	0.010417333	-0.025500432
2.2993297	0.066652804	0.0054194269	-0.051572819
2.417096	0.058883141	-0.002955475	-0.093628738
2.5639549	0.073429453	-0.02344455	-0.1942554
2.7139189	0.074981978	-0.06696503	-0.40496506
2.8495586	0.06781988	-0.14521542	-0.7780926
2.9662896	0.058365483	-0.2666915	-1.3370819
3.0647097	0.04921006	-0.43105684	-2.0272001
3.1485567	0.041923479	-0.62928114	-2.698978
3.2245242	0.037983751	-0.8529162	-3.1501212
3.30081	0.038142932	-1.09559	-3.1372316
3.3802473	0.039718632	-1.322496	-2.5089265
3.4690432	0.044397965	-1.5000241	-1.4892669
3.5537877	0.042372209	-1.5916948	-0.71516289
3.6387143	0.042463316	-1.6315241	-0.25839653
3.7414618	0.051373743	-1.6429928	0.0067342491
3.879393	0.068965611	-1.6317174	0.13778198
4.0884721	0.10453955	-1.5963408	0.1910854
4.4759268	0.19372736	-1.5159515	0.2219642
5.3526737	0.43837342	-1.2837297	0.32130604
5.7727769	0.21005162	-1.1224112	0.46004614
6.0653547	0.1462889	-0.9576751	0.69071973
6.2863434	0.11049434	-0.76247285	1.1254358
6.5010572	0.10735688	-0.40525407	2.3916029
6.5535083	0.026225564	-0.26356614	3.0373746
6.6162055	0.031348577	-0.040268871	4.1360018
6.6647885	0.024291507	0.18739987	5.2649808
6.7050663	0.020138927	0.42049715	6.3122013
6.7403726	0.017653158	0.65840476	7.1386719
6.7759642	0.017795773	0.9219968	7.6075256
6.8091181	0.01657697	1.1729908	7.4498915
6.8437905	0.017336182	1.417538	6.5704998
6.8909952	0.023602356	1.6828498	4.613257
6.92795	0.018477408	1.8242992	3.0721286
6.9643539	0.018201932	1.9136516	1.885704
7.0024642	0.019055147	1.968646	1.04837
7.0458863	0.021711067	2.0010221	0.48525571
7.0984792	0.026296432	2.0166368	0.1421899
7.1663967	0.033958777	2.0193992	-0.037411279
7.2617714	0.047687337	2.0116692	-0.11126049
7.4142135	0.076221043	1.9927438	-0.13172196
7.7233959	0.15459119	1.9509558	-0.1378635
8.8934578	0.58503095	1.7768782	-0.1615308
10.684639	0.89559054	1.4256204	-0.24406785
11.235583	0.2754722	1.2670771	-0.33638291
11.6605	0.2124585	1.0948489	-0.49133137
11.93373	0.13661466	0.9301193	-0.74099165
12.14964	0.10795541	0.72284318	-1.2371033
12.343918	0.097138847	0.37437592	-2.5307422
12.396115	0.02609834	0.22487385	-3.225779
12.455936	0.029910478	-6.1728494e-05	-4.3417442
12.502722	0.023393141	-0.22893687	-5.4664116
12.541863	0.019570446	-0.46286394	-6.4843631
12.576565	0.017350869	-0.7018104	-7.255871
12.611484	0.017459832	-0.96292138	-7.6294346
12.644547	0.01653121	-1.2121906	-7.3642082
12.680025	0.017739376	-1.4570312	-6.35347
12.722657	0.021315788	-1.6902003	-4.5482267
12.759406	0.018374353	-1.8287465	-3.0232888
12.795753	0.018173604	-1.9164508	-1.851573
12.83397	0.019108299	-1.9704962	-1.0246919
12.877615	0.021822785	-2.0021965	-0.47007807
12.930589	0.026486989	-2.0173045	-0.13362544
12.999168	0.03428936	-2.0196768	0.041365668
13.095809	0.048320347	-2.0116065	0.112547
13.251178	0.077684804	-1.9922171	0.1319567
13.570054	0.15943781	-1.9490601	0.13808301
14.836194	0.63307023	-1.759001	0.16437319
16.549124	0.85646488	-1.4172929	0.24778509
17.095173	0.27302475	-1.2575554	0.3427819
17.508634	0.20673016	-1.086682	0.50112354
17.777603	0.13448481	-0.92098404	0.75838182
17.992238	0.10731749	-0.70907047	1.277677
18.18006	0.093910883	-0.36339561	2.580606
18.232033	0.025986557	-0.21155448	3.2910102
18.290918	0.029442357	0.013880345	4.4118978
18.337123	0.023102671	0.2431315	5.5340297
18.375903	0.019389651	0.47733985	6.5409793
18.41042	0.017258622	0.71665863	7.2926188
18.445135	0.017357356	0.97695639	7.6329077
18.478192	0.016528543	1.2256844	7.3300399
18.514005	0.017906825	1.4707584	6.2722318
18.555801	0.020897622	1.696316	4.4896974
18.592491	0.018345084	1.8326735	2.9757269
18.62882	0.018164481	1.9188584	1.8179781
18.667163	0.019171761	1.9719955	1.0014203
18.711053	0.021944854	2.0030419	0.455207
18.764433	0.02669023	2.0176548	0.12526752
18.83371	0.034638079	2.019641	-0.045207113
18.931679	0.048984766	2.0112259	-0.11379855
19.090123	0.079221972	1.9913509	-0.13221082
19.419286	0.16458173	1.9467283	-0.13835466
20.799362	0.69003799	1.7372915	-0.16793863
22.417039	0.80883842	1.4078065	-0.25223464
22.958272	0.27061613	1.2463735	-0.3505514
23.358679	0.20020382	1.077028	-0.5130078
23.62282	0.13207056	0.91006758	-0.77968323
23.836284	0.10673194	0.69201402	-1.3291987
24.004421	0.084068364	0.3820254	-2.5015926
24.058772	0.027175369	0.22740572	-3.2183312
24.118598	0.029913026	0.0029902282	-4.3311648
24.16548	0.023441029	-0.22586953	-5.4566593
24.204672	0.019596277	-0.45976388	-6.4770423
24.239392	0.017359963	-0.69864844	-7.252788
24.274334	0.017471003	-0.95993752	-7.6334118
24.307379	0.016522213	-1.2093327	-7.3761445
24.342766	0.017693827	-1.4541432	-6.3752257
24.385582	0.021407943	-1.6891381	-4.5633577
24.422323	0.018370361	-1.8281603	-3.0354545
24.458653	0.018165049	-1.9162015	-1.8602246
24.496819	0.019083195	-1.9704549	-1.0306999
24.540384	0.021782554	-2.0023102	-0.47393328
24.593234	0.026424746	-2.01754	-0.13581253
24.661609	0.034187505	-2.0200121	0.040336825
24.757876	0.048133655	-2.0120361	0.1121846
24.912413	0.077268537	-1.9927822	0.13185209
25.228612	0.15809955	-1.9500184	0.1379712
26.467902	0.61964493	-1.7645374	0.1634806
28.20503	0.86856407	-1.4198372	0.24663314
28.752538	0.27375389	-1.2604826	0.34079362
29.169485	0.20847314	-1.0891992	0.49808012
29.43975	0.13513279	-0.92380908	0.75296178
29.654752	0.10750089	-0.71337516	1.2648964
29.84456	0.094903909	-0.36683649	2.5649552
29.896608	0.026024367	-0.21570834	3.2706457
29.955782	0.029586935	0.0095740559	4.3900547
30.002167	0.023192271	0.23870978	5.5130336
30.041057	0.019445261	0.47283054	6.5234647
30.075631	0.017286766	0.71203229	7.2813532
30.110408	0.017388622	0.97258153	7.6320471
30.143465	0.016528649	1.2214754	7.3409548
30.179171	0.017852869	1.4664684	6.297942
30.22121	0.021019559	1.6943219	4.5088971
30.257918	0.018353642	1.8313894	2.991359
30.294251	0.018166915	1.918071	1.8290285
30.332552	0.019150494	1.9715064	1.0090704
30.376361	0.021904209	2.0027679	0.46008978
30.429606	0.026622616	2.0175438	0.12800688
30.49865	0.03452202	2.0196572	-0.043951617
30.596177	0.048763339	2.0113561	-0.11339143
30.753593	0.078708302	1.9916428	-0.13212801
31.079299	0.16285279	1.9475131	-0.13826308
32.419446	0.67007373	1.7449126	-0.166673
34.070581	0.82556739	1.4110582	-0.25068197
34.613375	0.27139672	1.250248	-0.34782739
35.018256	0.20244072	1.080381	-0.50884184
35.284049	0.13289653	0.91387373	-0.77219161
35.497876	0.10691324	0.69804101	-1.3108331
35.674001	0.088062582	0.37266835	-2.5415956
35.727252	0.026625517	0.2190615	-3.2570799
35.786566	0.029657329	-0.0058777636	-4.3741542
35.833086	0.023259754	-0.23495165	-5.4980047
35.872056	0.019484933	-0.46901392	-6.5114245
35.906665	0.017304446	-0.70812678	-7.2745908
35.941483	0.017408885	-0.96889128	-7.6340532
35.974529	0.016523203	-1.2179315	-7.352867
36.010132	0.017801563	-1.4628679	-6.3222206
36.05238	0.021124095	-1.6927746	-4.5266696
36.08909	0.018354962	-1.8304483	-3.0057537
36.125416	0.018162918	-1.9175579	-1.8392364
36.163668	0.019125792	-1.9712542	-1.0161457
36.207391	0.021861573	-2.0027067	-0.46461526
36.2605	0.026554422	-2.0176298	-0.13055778
36.329315	0.034407832	-2.019861	0.042768679
36.426415	0.048549789	-2.0116684	0.11299199
36.582859	0.078222122	-1.9921107	0.13202878
36.905357	0.16124909	-1.9484452	0.13815422
38.210354	0.65249824	-1.7518655	0.16552967
39.891948	0.8407973	-1.4141112	0.24925215
40.436319	0.27218535	-1.2538365	0.34533458
