0.072175851	0.036087926	0.0099699727	-0.00087108024
0.15747894	0.042651543	0.009834028	-0.0023961017
0.2338088	0.03816493	0.0095774706	-0.0044203428
0.30263182	0.034411512	0.0091876649	-0.0070157045
0.36519512	0.031281653	0.0086511886	-0.010256694
0.42248047	0.028642671	0.0079540747	-0.014218454
0.48039924	0.028959389	0.0069826981	-0.019508733
0.53318648	0.02639362	0.0057921161	-0.025799668
0.5817423	0.024277906	0.0043654261	-0.033180624
0.62669938	0.022478545	0.0026866443	-0.041734027
0.66855845	0.020929533	0.00073957539	-0.051542126
0.70772196	0.019581754	-0.0014921003	-0.062686835
0.7445182	0.018398122	-0.0040247721	-0.075249662
0.77921843	0.017350111	-0.0068748525	-0.089311594
0.81204926	0.016415418	-0.010058734	-0.10495295
0.84320196	0.015576346	-0.013592747	-0.1222532
0.87283929	0.014818669	-0.017493112	-0.14129073
0.90110093	0.014130816	-0.021775889	-0.16214253
0.92810747	0.013503271	-0.026456922	-0.18488386
0.95396373	0.012928132	-0.031551772	-0.20958782
0.97876129	0.01239878	-0.037075642	-0.23632486
1.0025805	0.011909622	-0.043043291	-0.26516216
1.0254923	0.011455896	-0.049468936	-0.29616298
1.0475594	0.011033521	-0.056366146	-0.32938589
1.0688373	0.010638979	-0.063747716	-0.36488394
1.0893758	0.010269219	-0.07162554	-0.40270367
1.1092189	0.0099215827	-0.080010466	-0.44288413
1.1284064	0.0095937485	-0.088912147	-0.48545578
1.1469738	0.0092836816	-0.09833889	-0.53043937
1.164953	0.0089895973	-0.1082975	-0.5778448
1.1823728	0.0087099311	-0.11879312	-0.62766997
1.1992595	0.0084433145	-0.12982911	-0.67989971
1.2156366	0.0081885549	-0.14140693	-0.73450483
1.2315258	0.0079446196	-0.153526	-0.79144122
1.2469471	0.0077106219	-0.16618369	-0.85064926
1.2619187	0.0074858089	-0.17937524	-0.91205333
1.2764578	0.0072695499	-0.1930938	-0.97556172
1.2905804	0.0070613258	-0.20733048	-1.0410667
1.3043019	0.0068607177	-0.22207447	-1.1084449
1.3176367	0.0066673961	-0.23731313	-1.1775581
1.3305989	0.0064811087	-0.25303225	-1.2482543
1.3432022	0.0063016691	-0.26921623	-1.3203686
1.3554601	0.0061289446	-0.28584832	-1.393725
1.3673858	0.0059628448	-0.30291093	-1.4681377
1.3789924	0.0058033107	-0.32038587	-1.5434125
1.390293	0.0056503044	-0.33825462	-1.6193489
1.4013006	0.0055038012	-0.3564986	-1.6957414
1.4120282	0.0053637813	-0.37509945	-1.7723807
1.4224886	0.0052302252	-0.39403917	-1.8490553
1.4326949	0.0051031089	-0.4133004	-1.9255528
1.4426597	0.0049824019	-0.43286655	-2.0016603
1.4523958	0.0048680662	-0.45272192	-2.0771656
1.4619159	0.0047600563	-0.47285188	-2.1518578
1.4712326	0.0046583204	-0.49324289	-2.2255274
1.4803582	0.0045628031	-0.51388262	-2.2979667
1.4893051	0.0044734476	-0.53476001	-2.3689699
1.4980855	0.0043901992	-0.55586529	-2.438333
1.5067115	0.0043130097	-0.57719004	-2.5058532
1.5151952	0.0042418408	-0.59872722	-2.5713292
1.5235485	0.0041766697	-0.62047123	-2.6345601
1.5317835	0.0041174936	-0.64241796	-2.6953451
1.5399122	0.0040643361	-0.66456486	-2.7534828
1.5479467	0.0040172535	-0.68691102	-2.8087701
1.5558993	0.0039763433	-0.7094573	-2.8610011
1.5637829	0.0039417537	-0.7322065	-2.9099663
1.5716102	0.0039136958	-0.75516358	-2.9554504
1.5793952	0.0038924595	-0.77833591	-2.9972311
1.587152	0.0038784337	-0.80173373	-3.0350762
1.5948963	0.0038721344	-0.82537061	-3.0687411
1.6026448	0.003874243	-0.84926417	-3.0979649
1.6104161	0.0038856602	-0.87343706	-3.1224657
1.6182313	0.003907585	-0.89791834	-3.1419339
1.6261145	0.0039416322	-0.92274539	-3.156023
1.6340946	0.0039900156	-0.94796677	-3.1643369
1.6422063	0.0040558432	-0.97364661	-3.166411
1.6504935	0.0041436168	-0.99987143	-3.1616823
1.6590138	0.0042601341	-1.0267617	-3.149442
1.6678462	0.0044162387	-1.0544922	-3.1287524
1.6771074	0.0046305802	-1.0833322	-3.0982884
1.6869852	0.0049388767	-1.1137336	-3.0559972
1.697829	0.0054219312	-1.1465671	-2.9982135
1.7104809	0.0063259594	-1.1839949	-2.9164683
1.7261789	0.007849004	-1.2288471	-2.7953244
1.737361	0.0055910229	-1.2595624	-2.697218
1.7473683	0.0050036429	-1.2860829	-2.6022362
1.757401	0.0050163754	-1.311687	-2.5012198
1.7666848	0.0046418754	-1.3344561	-2.403476
1.7754556	0.0043854329	-1.35512	-2.3081371
1.7838786	0.0042114747	-1.3741679	-2.214509
1.7920529	0.004087139	-1.3918936	-2.1222943
1.8000446	0.0039958489	-1.4084913	-2.0313798
1.8079014	0.0039284242	-1.4240994	-1.9417417
1.8156599	0.0038792586	-1.4388215	-1.8534027
1.8233493	0.0038446908	-1.4527383	-1.7664114
1.8309937	0.0038222153	-1.4659138	-1.6808296
1.8386139	0.0038100593	-1.4784009	-1.5967266
1.8462277	0.0038069391	-1.4902431	-1.5141743
1.8538516	0.0038119122	-1.5014776	-1.4332449
1.8615001	0.0038242821	-1.5121358	-1.3540088
1.8691872	0.0038435363	-1.5222453	-1.2765339
1.8769258	0.0038693041	-1.53183	-1.2008844
1.8847285	0.0039013275	-1.5409111	-1.1271205
1.8926073	0.0039394405	-1.5495073	-1.0552977
1.9005745	0.003983555	-1.5576353	-0.98546692
1.9086418	0.0040336508	-1.5653105	-0.917674
1.9168213	0.0040897684	-1.5725463	-0.85195964
1.9251253	0.0041520049	-1.5793553	-0.78835934
1.9335663	0.0042205112	-1.5857488	-0.7269033
1.9421573	0.0042954918	-1.5917372	-0.66761643
1.9509117	0.0043772046	-1.59733	-0.61051829
1.9598436	0.0044659633	-1.6025361	-0.55562315
1.9689679	0.0045621404	-1.6073635	-0.50293998
1.9783003	0.0046661716	-1.6118196	-0.4524725
1.9878574	0.0047785621	-1.6159114	-0.40421924
1.9976572	0.0048998937	-1.6196449	-0.35817363
2.0077188	0.005030834	-1.623026	-0.31432401
2.0180631	0.0051721484	-1.6260598	-0.27265379
2.0287126	0.005324713	-1.6287508	-0.23314153
2.0396916	0.0054895325	-1.631103	-0.19576102
2.0510272	0.0056677599	-1.6331198	-0.16048142
2.0627486	0.0058607223	-1.6348039	-0.1272674
2.0748885	0.0060699514	-1.6361572	-0.096079229
2.0874829	0.006297222	-1.637181	-0.066872935
2.1005721	0.0065445991	-1.6378754	-0.03960043
2.1142011	0.0068144975	-1.6382396	-0.014209647
2.1284207	0.0071097568	-1.6382716	0.0093553311
2.1432881	0.0074337372	-1.6379679	0.031154151
2.158869	0.007790443	-1.6373234	0.051250075
2.1752384	0.0081846836	-1.6363308	0.069709892
2.192483	0.0086222873	-1.6349804	0.086603852
2.2107037	0.0091103882	-1.6332594	0.10200564
2.2300194	0.0096578192	-1.6311513	0.11599241
2.2505707	0.010275661	-1.6286348	0.12864489
2.2725267	0.010978027	-1.6256824	0.14004762
2.2960932	0.011783224	-1.6222585	0.15028931
2.3215242	0.012715514	-1.6183171	0.15946358
2.34914	0.013807911	-1.6137973	0.16766998
2.3793538	0.015106865	-1.6086175	0.17501585
2.4127149	0.016680584	-1.6026658	0.18161934
2.4499852	0.018635145	-1.5957822	0.18761506
2.4922838	0.021149264	-1.587726	0.19316488
2.5414075	0.024561845	-1.5781035	0.19848223
2.6007086	0.029650589	-1.5661696	0.20389867
2.6786767	0.038984027	-1.5500256	0.21013435
2.7764253	0.048874317	-1.5291274	0.21743181
2.860073	0.04182382	-1.5106781	0.22370955
2.9433357	0.041631352	-1.4917813	0.2302454
3.020565	0.038614661	-1.4737523	0.23670486
3.0936719	0.036553471	-1.4562099	0.24326652
3.1637094	0.035018759	-1.4389372	0.25003733
3.2311473	0.033718934	-1.4218402	0.25707597
3.296227	0.032539839	-1.4048731	0.26442162
3.3590972	0.031435118	-1.3880097	0.27210581
3.4198654	0.03038411	-1.3712322	0.28015737
3.478619	0.029376764	-1.3545263	0.28860479
3.5354344	0.028407734	-1.3378797	0.29747739
3.5903822	0.027473882	-1.3212804	0.30680611
3.6435285	0.026573158	-1.3047166	0.31662392
3.6949367	0.025704073	-1.2881766	0.32696626
3.7446676	0.024865448	-1.271648	0.33787135
3.7927801	0.024056286	-1.2551183	0.34938053
3.8393316	0.023275708	-1.2385743	0.3615386
3.8843774	0.022522917	-1.2220022	0.3743942
3.9279717	0.021797181	-1.2053874	0.38800018
3.9701674	0.021097824	-1.1887149	0.40241411
4.0110158	0.020424217	-1.1719683	0.41769874
4.0505674	0.019775779	-1.1551305	0.43392263
4.0888713	0.019151974	-1.1381832	0.45116081
4.125976	0.018552315	-1.1211069	0.46949553
4.1619287	0.017976369	-1.1038805	0.48901722
4.1967762	0.017423757	-1.0864812	0.50982555
4.2305646	0.016894166	-1.0688844	0.53203068
4.2633393	0.016387361	-1.0510632	0.55575483
4.2951457	0.015903193	-1.032988	0.58113412
4.3260289	0.015441628	-1.014626	0.60832086
4.3560344	0.015002764	-0.99594093	0.6374864
4.3852082	0.014586875	-0.97689167	0.66882476
4.4135971	0.01419446	-0.95743171	0.70255721
4.4412497	0.013826317	-0.93750757	0.73893838
4.468217	0.013483648	-0.917057	0.77826431
4.4945535	0.013168224	-0.8960064	0.82088362
4.5203187	0.012882626	-0.8742672	0.86721314
4.54558	0.012630649	-0.85173041	0.91776067
4.570416	0.012417963	-0.82825845	0.97315959
4.5949226	0.012253293	-0.80367185	1.0342238
4.6192239	0.012150662	-0.77772663	1.1020407
4.6434919	0.012134025	-0.75007252	1.1781411
4.6679881	0.012248093	-0.72016701	1.2648452
4.6931646	0.012588222	-0.68706921	1.3660852
4.7190506	0.012943037	-0.65019048	1.4853077
4.7434712	0.012210263	-0.61236874	1.6144272
4.7664969	0.011512878	-0.57361886	1.7536583
4.7882626	0.010882828	-0.53384405	1.9035649
4.8048784	0.0083079347	-0.50116267	2.031788
4.8196049	0.0073632428	-0.47033207	2.156706
4.8329098	0.0066524159	-0.4408279	2.2796573
4.8462779	0.006684086	-0.40946575	2.4137943
4.8584653	0.0060936746	-0.37924895	2.5461772
4.8696551	0.005594907	-0.35003266	2.6769066
4.8800296	0.0051872388	-0.32159415	2.8065406
4.8897207	0.0048455509	-0.2937758	2.9354402
4.8988269	0.0045531071	-0.2664646	3.0638268
4.9074245	0.0042988261	-0.23957624	3.1918329
4.9155745	0.0040749976	-0.21304566	3.3195327
4.9233266	0.0038760303	-0.18682139	3.4469597
4.9307221	0.003697735	-0.16086187	3.5741181
4.9377958	0.0035368893	-0.13513291	3.7009902
4.9445778	0.0033909609	-0.10960601	3.827542
4.9510936	0.0032579226	-0.084257081	3.9537263
4.9573659	0.003136127	-0.059065562	4.0794859
4.9634143	0.0030242173	-0.034013699	4.2047551
4.9692564	0.0029210628	-0.0090860424	4.3294613
4.9749078	0.0028257125	0.015730974	4.4535265
4.9803826	0.0027373586	0.040449352	4.5768675
4.9856932	0.0026553102	0.065079785	4.6993973
4.9908511	0.0025789719	0.089631873	4.821025
4.9958668	0.0025078277	0.11411429	4.9416568
5.0007496	0.0024414277	0.13853492	5.0611959
5.0055084	0.0023793779	0.16290099	5.1795429
5.0101511	0.0023213318	0.18721915	5.2965963
5.014685	0.0022669835	0.21149558	5.4122521
5.0191172	0.0022160619	0.23573605	5.5264046
5.0234538	0.0021683263	0.25994598	5.6389458
5.0277009	0.0021235625	0.28413049	5.7497662
5.0318641	0.0020815794	0.30829448	5.8587541
5.0359485	0.0020422064	0.33244266	5.9657963
5.0399591	0.0020052911	0.35657955	6.0707775
5.0439005	0.0019706974	0.3807096	6.1735809
5.0477771	0.001938304	0.40483714	6.2740874
5.0515931	0.0019080028	0.42896648	6.3721764
5.0553525	0.001879698	0.4531019	6.4677249
5.0590591	0.0018533048	0.47724771	6.5606079
5.0627166	0.0018287492	0.50140826	6.6506982
5.0663285	0.0018059667	0.525588	6.737866
5.0698983	0.0017849025	0.54979149	6.8219791
5.0734294	0.0017655107	0.57402344	6.9029023
5.0769249	0.0017477542	0.59828879	6.9804972
5.0803881	0.0017316049	0.6225927	7.0546223
5.0838222	0.0017170435	0.64694062	7.125132
5.0872303	0.0017040597	0.67133837	7.1918769
5.0906156	0.0016926529	0.69579218	7.2547025
5.0939812	0.0016828327	0.72030875	7.3134493
5.0973305	0.0016746198	0.74489537	7.3679519
5.1006666	0.001668047	0.76956	7.4180381
5.1039929	0.0016631609	0.79431139	7.463528
5.107313	0.0016600239	0.81915923	7.504233
5.1106304	0.0016587168	0.84411433	7.5399539
5.1139491	0.001659342	0.86918882	7.5704799
5.1172731	0.0016620284	0.89439641	7.5955861
5.120607	0.0016669365	0.91975276	7.6150307
5.1239555	0.0016742669	0.94527587	7.628552
5.1273241	0.0016842708	0.97098664	7.6358643
5.1307186	0.0016972643	0.99690955	7.6366521
5.1341459	0.0017136491	1.0230737	7.6305629
5.1376138	0.001733942	1.049514	7.617198
5.1411314	0.0017588182	1.0762731	7.5960988
5.1447098	0.0017891771	1.1034039	7.5667283
5.1483623	0.0018262462	1.1309733	7.5284437
5.1521058	0.0018717517	1.1590683	7.4804558
5.1559622	0.0019282144	1.1878053	7.4217632
5.1599612	0.0019994971	1.217346	7.3510443
5.164145	0.0020919071	1.2479272	7.2664603
5.1685784	0.0022166802	1.279921	7.1652634
5.1733715	0.0023965399	1.3139754	7.0428927
5.1787472	0.0026878739	1.3514315	6.8903547
5.1853472	0.0033000161	1.3962309	6.6824564
5.1915301	0.0030914293	1.4368943	6.4689817
5.196667	0.0025684582	1.4696413	6.2794158
5.2013067	0.0023198415	1.4983614	6.099863
5.2059563	0.0023247941	1.5262908	5.9130642
5.2102843	0.0021640139	1.5514964	5.7339546
5.2143827	0.0020492075	1.5746419	5.5605156
5.218318	0.0019676334	1.5961915	5.3911813
5.2221312	0.001906588	1.6164328	5.2251128
5.2258499	0.0018593746	1.6355603	5.0618388
5.2294942	0.001822164	1.6537145	4.9010849
5.2330794	0.0017925624	1.6710016	4.7426917
5.2366173	0.0017689751	1.6875047	4.5865713
5.2401179	0.0017502887	1.7032908	4.4326818
5.2435893	0.0017356978	1.7184149	4.2810121
5.2470385	0.0017246036	1.732923	4.1315718
5.2504716	0.0017165509	1.7468541	3.9843845
5.253894	0.0017111876	1.7602418	3.8394832
5.2573104	0.0017082379	1.7731153	3.6969073
5.2607254	0.0017074834	1.7855002	3.5566999
5.2641429	0.0017087502	1.7974192	3.4189062
5.2675667	0.0017118993	1.8088925	3.2835724
5.2710004	0.0017168195	1.8199385	3.1507446
5.2744472	0.0017234228	1.8305734	3.0204678
5.2779105	0.0017316396	1.8408123	2.8927857
5.2813933	0.0017414164	1.8506689	2.7677401
5.2848987	0.0017527135	1.8601558	2.6453705
5.2884297	0.0017655028	1.8692845	2.5257136
5.2919893	0.0017797667	1.878066	2.4088036
5.2955803	0.0017954972	1.8865102	2.2946716
5.2992057	0.0018126948	1.8946266	2.1833456
5.3028684	0.0018313681	1.902424	2.0748502
5.3065715	0.0018515335	1.9099107	1.9692069
5.3103179	0.0018732147	1.9170948	1.8664337
5.3141108	0.0018964426	1.9239835	1.7665451
5.3179533	0.0019212554	1.9305841	1.6695521
5.3218487	0.0019476987	1.9369034	1.5754625
5.3258003	0.0019758254	1.9429479	1.4842801
5.3298117	0.0020056963	1.9487238	1.3960056
5.3338865	0.0020373803	1.9542372	1.310636
5.3380284	0.002070955	1.9594938	1.2281649
5.3422414	0.002106507	1.9644993	1.1485826
5.3465297	0.0021441331	1.9692591	1.0718756
5.3508976	0.0021839406	1.9737785	0.99802758
5.3553497	0.0022260486	1.9780626	0.92701845
5.3598908	0.0022705888	1.9821163	0.85882512
5.3645263	0.0023177074	1.9859445	0.79342126
5.3692614	0.0023675658	1.989552	0.73077743
5.3741021	0.0024203433	1.9929432	0.67086114
5.3790545	0.0024762381	1.9961227	0.61363697
5.3841255	0.0025354704	1.9990948	0.55906659
5.3893221	0.0025982851	2.0018637	0.5071089
5.394652	0.0026649544	2.0044337	0.4577201
5.4001235	0.0027357822	2.0068086	0.41085379
5.4057457	0.0028111081	2.0089925	0.36646105
5.4115284	0.0028913127	2.0109889	0.32449056
5.417482	0.0029768235	2.0128016	0.28488869
5.4236183	0.0030681224	2.0144341	0.24759961
5.4299498	0.0031657539	2.0158895	0.2125654
5.4364904	0.0032703357	2.0171711	0.17972611
5.4432556	0.0033825712	2.0182818	0.14901994
5.4502621	0.0035032641	2.0192242	0.12038328
5.4575288	0.003633337	2.0200009	0.093750842
5.4650765	0.0037738539	2.020614	0.069055773
5.4729286	0.0039260477	2.0210652	0.046229736
5.4811113	0.004091355	2.0213561	0.025203023
5.4896542	0.0042714592	2.0214876	0.0059046528
5.4985909	0.0044683452	2.0214602	-0.011737539
5.5079596	0.0046843698	2.0212737	-0.027796803
5.5178044	0.0049223515	2.020927	-0.042347391
5.5281757	0.005185689	2.0204184	-0.05546447
5.5391328	0.0054785161	2.0197449	-0.067224052
5.5507446	0.0058059108	2.0189022	-0.077702919
5.5630929	0.0061741774	2.017884	-0.086978569
5.5762754	0.0065912374	2.0166824	-0.095129169
5.5904098	0.0070671776	2.0152862	-0.10223352
5.6056398	0.0076150358	2.0136811	-0.10837108
5.6221437	0.0082519537	2.0118479	-0.11362194
5.6401456	0.0090009109	2.0097612	-0.11806695
5.6599324	0.0098934133	2.0073869	-0.12178788
5.68188	0.01097381	2.0046789	-0.12486766
5.7064931	0.012306518	2.0015732	-0.12739094
5.7344705	0.013988738	1.9979792	-0.12944495
5.7668191	0.01617431	1.9937635	-0.13112114
5.8050638	0.019122312	1.988721	-0.13251841
5.8516801	0.023308151	1.9825137	-0.13374994
5.911131	0.029725449	1.9745252	-0.13496027
5.9931165	0.040992756	1.9634014	-0.13638046
6.1321013	0.069492387	1.9442878	-0.13866648
6.2963	0.082099384	1.921291	-0.14146239
6.4571468	0.080423398	1.8983047	-0.14437734
6.6112835	0.077068351	1.8758231	-0.14735687
6.7596329	0.0741747	1.8537377	-0.15041604
6.9025626	0.071464852	1.8320158	-0.15356135
7.0403428	0.068890111	1.8106369	-0.15679815
7.1732058	0.066431495	1.7895846	-0.16013164
7.3013643	0.064079252	1.7688441	-0.16356724
7.4250172	0.061826418	1.7484013	-0.16711066
7.5443513	0.059667081	1.7282429	-0.17076795
7.6595431	0.057595899	1.7083561	-0.17454559
7.770759	0.05560795	1.6887285	-0.17845044
7.8781564	0.053698679	1.6693484	-0.18248986
7.9818841	0.051863858	1.6502041	-0.18667165
8.0820833	0.050099569	1.6312846	-0.19100419
8.1788876	0.048402174	1.6125791	-0.19549641
8.2724242	0.046768296	1.594077	-0.20015786
8.3628138	0.0451948	1.575768	-0.20499876
8.4501713	0.043678777	1.557642	-0.21003004
8.5346064	0.042217527	1.5396892	-0.21526345
8.6162235	0.040808539	1.5218998	-0.22071153
8.6951224	0.039449482	1.504264	-0.22638779
8.7713988	0.038138193	1.4867724	-0.23230668
8.8451441	0.036872656	1.4694153	-0.23848378
8.9164461	0.035651	1.4521831	-0.24493577
8.9853891	0.034471481	1.4350663	-0.25168066
9.0520541	0.033332479	1.4180551	-0.25873777
9.116519	0.032232479	1.4011398	-0.26612796
9.1788592	0.031170073	1.3843103	-0.27387368
9.239147	0.030143942	1.3675566	-0.28199914
9.2974528	0.029152856	1.3508683	-0.29053048
9.3538441	0.028195662	1.3342348	-0.29949592
9.4083866	0.027271281	1.317645	-0.30892596
9.461144	0.0263787	1.3010878	-0.31885359
9.512178	0.025516969	1.2845514	-0.3293145
9.5615484	0.024685193	1.2680236	-0.34034737
9.6093134	0.023882532	1.2514918	-0.35199414
9.6555298	0.023108195	1.2349426	-0.36430033
9.7002527	0.022361436	1.2183623	-0.37731542
9.7435358	0.021641558	1.2017361	-0.3910932
9.7854316	0.020947906	1.1850486	-0.40569231
9.8259914	0.020279865	1.1682834	-0.42117671
9.8652651	0.01963687	1.1514231	-0.43761629
9.9033019	0.019018397	1.1344492	-0.45508758
9.9401498	0.01842397	1.1173417	-0.47367456
9.9758562	0.017853168	1.1000793	-0.49346956
10.010467	0.017305626	1.0826389	-0.51457443
10.04403	0.016781048	1.0649952	-0.53710184
10.076588	0.016279215	1.0471208	-0.56117688
10.108188	0.015800002	1.0289856	-0.58693901
10.138875	0.015343401	1.010556	-0.61454445
10.168694	0.014909545	0.99179462	-0.64416918
10.197691	0.014498753	0.97265943	-0.67601276
10.225915	0.014111581	0.95310246	-0.71030319
10.253412	0.013748906	0.93306849	-0.74730342
10.280236	0.013412039	0.91249302	-0.78731993
10.306442	0.013102902	0.89129953	-0.83071478
10.332091	0.012824303	0.86939549	-0.87792248
10.357252	0.012580377	0.84666651	-0.92947488
10.382006	0.012377338	0.82296717	-0.98603931
10.406456	0.012224829	0.79810625	-1.0484799
10.430733	0.012138525	0.771821	-1.1179627
10.455024	0.012145657	0.74372872	-1.1961527
10.479621	0.012298307	0.71322425	-1.2856253
10.505045	0.012711935	0.67922293	-1.39089
10.530608	0.01278139	0.64214429	-1.5122043
10.554716	0.012054476	0.60413133	-1.6434472
10.577461	0.011372087	0.56517003	-1.7849211
10.596747	0.0096433125	0.52945586	-1.9205273
10.613092	0.0081726143	0.49703293	-2.0483069
10.62761	0.0072588345	0.46640189	-2.1729003
10.640754	0.0065719369	0.43704291	-2.2956663
10.653958	0.0066019248	0.40585708	-2.4294508
10.666016	0.0060288673	0.37577422	-2.5615929
10.677101	0.0055428865	0.34665947	-2.6921682
10.68739	0.0051441175	0.31830083	-2.8217006
10.697008	0.004808938	0.29054715	-2.9505308
10.70605	0.0045214654	0.26328949	-3.0788672
10.714593	0.0042711075	0.23644616	-3.2068345
10.722694	0.0040504536	0.20995396	-3.3345012
10.730402	0.003854107	0.18376274	-3.461897
10.737758	0.0036780107	0.15783191	-3.589023
10.744796	0.0035190355	0.13212803	-3.7158597
10.751545	0.0033747162	0.10662317	-3.842371
10.758031	0.0032430762	0.081293718	-3.9685087
10.764276	0.0031225061	0.05611945	-4.0942143
10.7703	0.0030116784	0.031082917	-4.2194213
10.776119	0.0029094859	0.006168907	-4.3440565
10.781749	0.0028149959	-0.018635946	-4.4680411
10.787204	0.0027274158	-0.043343478	-4.5912916
10.792496	0.0026460666	-0.067964245	-4.7137203
10.797636	0.0025703631	-0.092507729	-4.8352361
10.802636	0.0024997977	-0.1169825	-4.9557448
10.807504	0.0024339276	-0.14139637	-5.0751492
10.812249	0.0023723647	-0.16575649	-5.1933498
10.816878	0.0023147676	-0.19006945	-5.3102446
10.8214	0.0022608348	-0.21434137	-5.4257296
10.82582	0.002210299	-0.23857799	-5.5396986
10.830146	0.0021629228	-0.26278467	-5.6520437
10.834383	0.0021184948	-0.28696653	-5.7626549
10.838537	0.0020768264	-0.31112843	-5.8714204
10.842612	0.0020377493	-0.33527505	-5.9782268
10.846615	0.0020011132	-0.35941091	-6.0829586
10.850548	0.0019667838	-0.38354044	-6.1854987
10.854418	0.0019346413	-0.40766798	-6.2857279
10.858227	0.0019045791	-0.43179781	-6.3835252
10.86198	0.0018765027	-0.45593423	-6.4787675
10.86568	0.0018503288	-0.48008154	-6.5713295
10.869332	0.0018259843	-0.50424411	-6.6610837
10.872939	0.0018034062	-0.5284264	-6.7479
10.876504	0.0017825404	-0.55263298	-6.8316459
10.880031	0.0017633422	-0.57686859	-6.9121858
10.883522	0.0017457757	-0.60113819	-6.989381
10.886982	0.0017298135	-0.62544698	-7.0630895
10.890413	0.0017154375	-0.64980044	-7.1331654
10.893818	0.0017026386	-0.67420444	-7.1994585
10.897201	0.0016914173	-0.69866525	-7.2618139
10.900565	0.0016817844	-0.72318966	-7.3200715
10.903912	0.001673762	-0.747785	-7.374065
10.907247	0.0016673843	-0.77245934	-7.4236214
10.910572	0.0016626999	-0.79722153	-7.4685599
10.913892	0.001659773	-0.82208137	-7.5086906
10.917209	0.0016586869	-0.84704982	-7.5438132
10.920528	0.0016595468	-0.87213918	-7.5737153
10.923853	0.0016624847	-0.89736338	-7.59817
10.927189	0.0016676658	-0.92273831	-7.6169336
10.930539	0.0016752958	-0.9482823	-7.6297418
10.93391	0.0016856327	-0.9740166	-7.6363056
10.937308	0.0016990013	-0.99996622	-7.6363055
10.94074	0.0017158153	-1.0261608	-7.6293844
10.944213	0.0017366073	-1.0526362	-7.6151371
10.947737	0.0017620749	-1.0794359	-7.593097
10.951324	0.0017931498	-1.1066144	-7.5627163
10.954986	0.0018311073	-1.1342405	-7.5233375
10.958741	0.0018777483	-1.1624041	-7.4741504
10.962613	0.0019357156	-1.1912258	-7.414123
10.966631	0.002009086	-1.2208745	-7.3418854
10.97084	0.0021045746	-1.2515986	-7.2555183
10.975309	0.0022342926	-1.2837928	-7.1521238
10.980155	0.0024232004	-1.3181553	-7.0268158
10.985626	0.0027353001	-1.3561719	-6.8696866
10.99248	0.0034272702	-1.4025209	-6.6509996
10.998417	0.0029682607	-1.4413957	-6.4438724
11.003475	0.0025289052	-1.4735154	-6.2559317
11.008067	0.0022959812	-1.5018343	-6.0772996
11.012667	0.0023002929	-1.5293683	-5.8917397
11.016963	0.0021480537	-1.554298	-5.7134252
11.02104	0.0020382668	-1.5772374	-5.540529
11.024959	0.001959602	-1.5986214	-5.3716104
11.02876	0.0019004445	-1.6187237	-5.2058881
11.032469	0.0018545623	-1.637731	-5.0429201
11.036106	0.0018183455	-1.6557789	-4.8824488
11.039685	0.0017895181	-1.6729703	-4.7243247
11.043218	0.0017665542	-1.6893865	-4.5684665
11.046715	0.0017483835	-1.7050926	-4.4148366
11.050183	0.0017342291	-1.7201424	-4.2634267
11.05363	0.0017235118	-1.7345811	-4.1142483
11.057062	0.00171579	-1.748447	-3.9673264
11.060483	0.0017107219	-1.7617732	-3.8226948
11.063899	0.0017080392	-1.7745883	-3.6803935
11.067314	0.0017075292	-1.7869176	-3.5404659
11.070732	0.0017090227	-1.7987835	-3.4029573
11.074157	0.0017123841	-1.810206	-3.2679141
11.077592	0.0017175053	-1.821203	-3.1353822
11.081041	0.0017243004	-1.8317909	-3.0054065
11.084506	0.0017327021	-1.8419844	-2.8780306
11.087992	0.0017426585	-1.8517972	-2.7532958
11.0915	0.0017541313	-1.8612416	-2.6312414
11.095034	0.0017670937	-1.8703292	-2.5119039
11.098597	0.0017815293	-1.8790707	-2.3953172
11.102192	0.0017974311	-1.8874761	-2.2815118
11.105821	0.0018148006	-1.8955548	-2.1705155
11.109489	0.0018336474	-1.9033154	-2.0623525
11.113197	0.0018539886	-1.9107664	-1.9570438
11.116948	0.0018758489	-1.9179155	-1.8546071
11.120747	0.0018992599	-1.9247702	-1.7550565
11.124595	0.0019242609	-1.9313376	-1.6584027
11.128497	0.001950898	-1.9376244	-1.5646527
11.132456	0.0019792254	-1.9436372	-1.4738103
11.136474	0.0020093045	-1.9493821	-1.3858756
11.140557	0.0020412054	-1.9548651	-1.3008453
11.144707	0.0020750066	-1.9600921	-1.2187125
11.148928	0.0021107959	-1.9650686	-1.139467
11.153226	0.0021486713	-1.9698001	-1.0630952
11.157603	0.0021887413	-1.9742917	-0.98958015
11.162065	0.0022311265	-1.9785486	-0.91890146
11.166617	0.0022759603	-1.9825757	-0.85103565
11.171264	0.0023233905	-1.9863779	-0.78595603
11.176011	0.0023735806	-1.9899598	-0.72363279
11.180865	0.0024267118	-1.993326	-0.66403311
11.185831	0.002482985	-1.996481	-0.60712121
11.190916	0.002542623	-1.9994292	-0.55285844
11.196128	0.0026058736	-2.0021747	-0.50120338
11.201474	0.0026730127	-2.0047216	-0.45211192
11.206962	0.0027443481	-2.007074	-0.40553735
11.212603	0.0028202238	-2.0092358	-0.36143048
11.218405	0.0029010257	-2.0112105	-0.31973971
11.224379	0.0029871871	-2.013002	-0.28041114
11.230538	0.0030791968	-2.0146136	-0.2433887
11.236893	0.0031776074	-2.0160485	-0.20861421
11.243459	0.0032830459	-2.01731	-0.17602752
11.250251	0.0033962264	-2.0184009	-0.1455666
11.257287	0.0035179657	-2.0193238	-0.11716765
11.264586	0.0036492016	-2.0200813	-0.090765181
11.272168	0.0037910164	-2.0206753	-0.066292167
11.280057	0.0039446647	-2.0211078	-0.043680104
11.28828	0.0041116096	-2.02138	-0.022859132
11.296867	0.0042935667	-2.0214929	-0.0037581241
11.305853	0.0044925604	-2.0214469	0.013695214
11.315275	0.0047109964	-2.0212417	0.029574255
11.325178	0.0049517543	-2.0208763	0.04395336
11.335615	0.0052183097	-2.0203486	0.056907802
11.346645	0.0055148951	-2.0196555	0.068513683
11.358338	0.0058467152	-2.0187926	0.078847874
11.370778	0.0062202411	-2.0177535	0.087987952
11.384066	0.0066436152	-2.0165297	0.09601216
11.39832	0.0071272231	-2.01511	0.10299938
11.413689	0.007684514	-2.0134793	0.10902912
11.430356	0.0083332086	-2.0116179	0.11418159
11.44855	0.0090971206	-2.0094995	0.11853771
11.468568	0.010008994	-2.0070889	0.12217937
11.490798	0.011115075	-2.0043381	0.12518969
11.515764	0.012482812	-2.0011806	0.12765354
11.544193	0.01421449	-1.9975219	0.12965856
11.577139	0.016473034	-1.9932219	0.13129685
11.616209	0.019535183	-1.9880642	0.13266851
11.664039	0.023915043	-1.9816884	0.1338892
11.725457	0.030708843	-1.9734268	0.13510933
11.811305	0.042924158	-1.9617641	0.13657922
11.965232	0.076963486	-1.9405462	0.1391141
12.127151	0.080959615	-1.9177973	0.14189744
12.286399	0.079623819	-1.8949703	0.1448111
12.439522	0.076561712	-1.8725694	0.14779914
12.587025	0.073751226	-1.850544	0.15086979
12.729178	0.071076608	-1.8288747	0.15402792
12.866224	0.068523176	-1.8075448	0.15727844
12.998387	0.066081497	-1.786539	0.16062648
13.125876	0.06374439	-1.7658428	0.16407745
13.248887	0.06150561	-1.7454423	0.16763709
13.367606	0.059359474	-1.7253243	0.17131153
13.482208	0.057300739	-1.7054761	0.17510729
13.592857	0.055324547	-1.6858854	0.17903132
13.69971	0.053426396	-1.6665404	0.183091
13.802914	0.051602105	-1.6474296	0.18729426
13.902609	0.049847798	-1.628542	0.19164953
13.998929	0.048159875	-1.6098668	0.19616584
14.091999	0.046534998	-1.5913935	0.20085282
14.181939	0.044970065	-1.5731118	0.2057208
14.268864	0.043462198	-1.5550118	0.21078083
14.352881	0.042008726	-1.5370834	0.21604475
14.434096	0.040607165	-1.519317	0.22152527
14.512606	0.03925521	-1.5017029	0.227236
14.588507	0.037950719	-1.4842315	0.23319158
14.661891	0.036691698	-1.4668932	0.23940772
14.732843	0.035476297	-1.4496785	0.2459013
14.801449	0.034302789	-1.4325777	0.25269051
14.867788	0.033169569	-1.4155811	0.25979489
14.931938	0.032075141	-1.3986789	0.26723552
14.993975	0.031018108	-1.3818611	0.2750351
15.053969	0.029997166	-1.3651176	0.28321811
15.111991	0.029011095	-1.348438	0.29181098
15.168109	0.028058755	-1.3318115	0.30084226
15.222387	0.027139076	-1.3152272	0.31034279
15.274889	0.026251055	-1.2986738	0.32034594
15.325676	0.025393749	-1.2821394	0.33088783
15.374809	0.024566273	-1.2656118	0.34200759
15.422344	0.023767793	-1.2490783	0.35374765
15.46834	0.022997525	-1.2325255	0.36615411
15.512849	0.022254732	-1.2159394	0.37927702
15.555926	0.02153872	-1.1993052	0.39317088
15.597624	0.020848842	-1.1826074	0.40789505
15.637993	0.020184491	-1.1658295	0.42351433
15.677083	0.019545105	-1.1489538	0.44009952
15.714944	0.018930169	-1.1319616	0.4577282
15.751622	0.018339215	-1.1148329	0.47648548
15.787166	0.017771828	-1.0975461	0.49646503
15.821621	0.017227654	-1.0800775	0.51777019
15.855034	0.016706406	-1.062402	0.54051532
15.88745	0.016207879	-1.0444915	0.56482748
15.918914	0.015731964	-1.0263155	0.59084842
15.949471	0.015278669	-1.0078399	0.61873703
15.979167	0.014848154	-0.98902675	0.64867249
16.008049	0.014440768	-0.96983316	0.68085816
16.036163	0.014057107	-0.95021022	0.7155267
16.063559	0.013698104	-0.9301015	0.75294679
16.090289	0.013365146	-0.90944094	0.79343221
16.11641	0.013060264	-0.88814998	0.83735437
16.141983	0.012786428	-0.86613332	0.88516018
16.167079	0.012548018	-0.84327269	0.9373985
16.191782	0.012351645	-0.81941711	0.99476079
16.216197	0.012207627	-0.79436689	1.0581472
16.240463	0.012132873	-0.76784558	1.1287813
16.264777	0.012157113	-0.73944641	1.2084271
16.289454	0.012338211	-0.70851649	1.2998541
16.31507	0.012808129	-0.67385702	1.4080286
16.340417	0.012673511	-0.63663885	1.5307868
16.364318	0.011950289	-0.59849301	1.6634918
16.386873	0.011277918	-0.55938497	1.8065093
16.405581	0.0093535165	-0.52435613	1.9403365
16.421607	0.0080132694	-0.49225249	2.0675084
16.435891	0.0071418576	-0.46184312	2.1917525
16.448853	0.0064810905	-0.43264679	2.3143191
16.461872	0.0065092843	-0.40165811	2.4477177
16.473782	0.0059553476	-0.371726	2.5795948
16.484749	0.0054835719	-0.34272625	2.7099995
16.494939	0.0050947757	-0.31445844	2.839419
16.504473	0.0047669371	-0.28677857	2.9681712
16.513443	0.0044850979	-0.25958212	3.0964511
16.521921	0.0042392012	-0.23279039	3.2243741
16.529966	0.0040221676	-0.20634222	3.3520026
16.537623	0.0038288164	-0.18018896	3.4793618
16.544934	0.0036552382	-0.15429112	3.6064497
16.551931	0.003498408	-0.12861611	3.7332441
16.558643	0.0033559368	-0.10313665	3.8597073
16.565094	0.0032259044	-0.077829619	3.9857893
16.571308	0.0031067445	-0.052675235	4.1114306
16.577302	0.0029971633	-0.027656374	4.2365636
16.583094	0.0028960798	-0.002758101	4.3611143
16.588699	0.0028025823	0.022032725	4.4850032
16.594131	0.0027158953	0.046727748	4.6081461
16.599402	0.0026353538	0.071337368	4.730455
16.604523	0.002560384	0.095870932	4.8518382
16.609504	0.0024904879	0.1203369	4.9722011
16.614354	0.0024252309	0.14474298	5.0914463
16.619083	0.0023642316	0.16909625	5.2094737
16.623697	0.0023071545	0.19340322	5.3261812
16.628204	0.0022537031	0.21766997	5.4414645
16.632612	0.0022036144	0.24190216	5.555217
16.636925	0.0021566548	0.26610514	5.6673307
16.64115	0.0021126162	0.29028398	5.7776952
16.645293	0.002071313	0.3144435	5.8861986
16.649358	0.0020325795	0.33858838	5.9927271
16.65335	0.0019962676	0.36272312	6.0971651
16.657275	0.0019622451	0.38685212	6.1993951
16.661136	0.0019303942	0.41097972	6.2992977
16.664937	0.0019006099	0.4351102	6.3967516
16.668683	0.0018727993	0.45924786	6.4916335
16.672376	0.0018468806	0.483397	6.5838177
16.676022	0.0018227821	0.50756201	6.6731764
16.679623	0.001800442	0.53174736	6.7595792
16.683182	0.0017798076	0.55595764	6.8428932
16.686704	0.0017608353	0.58019762	6.9229823
16.690191	0.0017434903	0.60447228	6.9997074
16.693647	0.0017277467	0.62878687	7.0729261
16.697074	0.0017135875	0.65314691	7.1424917
16.700476	0.0017010049	0.67755833	7.2082536
16.703856	0.0016900007	0.70202746	7.2700562
16.707217	0.0016805873	0.72656115	7.3277385
16.710562	0.0016727883	0.75116684	7.3811334
16.713896	0.0016666399	0.7758527	7.4300668
16.71722	0.0016621925	0.80062768	7.4743569
16.720539	0.0016595129	0.82550176	7.5138123
16.723857	0.0016586871	0.85048604	7.5482312
16.727176	0.0016598237	0.87559304	7.5773994
16.730502	0.001663059	0.90083694	7.6010879
16.733839	0.0016685629	0.92623393	7.6190502
16.737193	0.0016765479	0.9518027	7.6310191
16.740567	0.0016872799	0.97756499	7.6367016
16.743969	0.0017010946	1.0035464	7.6357736
16.747406	0.0017184199	1.0297772	7.6278721
16.750886	0.001739808	1.0562943	7.6125844
16.754418	0.0017659838	1.0831425	7.5894341
16.758014	0.0017979183	1.110378	7.5578602
16.761687	0.0018369463	1.138072	7.5171872
16.765457	0.0018849612	1.1663179	7.4665794
16.769347	0.0019447587	1.1952418	7.4049667
16.773388	0.0020206857	1.2250209	7.3309195
16.777628	0.0021199795	1.255919	7.2424167
16.78214	0.0022558928	1.2883594	7.136369
16.787053	0.0024563863	1.3231064	7.007464
16.792645	0.0027962163	1.3618454	6.8445363
16.799863	0.0036086668	1.4104123	6.6107244
16.805539	0.0028383511	1.4473748	6.4100497
16.810497	0.0024790303	1.4786982	6.2241512
16.815479	0.0024909986	1.5092225	6.0286636
16.82001	0.0022655802	1.5361234	5.8443936
16.824242	0.0021156809	1.5604803	5.6676623
16.828272	0.0020152587	1.5829786	5.4959124
16.832157	0.0019425333	1.6040047	5.3278893
16.835932	0.0018873164	1.6238045	5.1629222
16.83962	0.0018442472	1.6425488	5.0006282
16.843241	0.0018101494	1.6603633	4.8407832
16.846807	0.0017829838	1.6773444	4.6832588
16.850329	0.0017613654	1.6935687	4.5279869
16.853818	0.0017443131	1.709098	4.3749387
16.85728	0.001731109	1.7239836	4.2241119
16.860723	0.0017212148	1.7382687	4.0755221
16.864151	0.0017142182	1.7519902	3.9291969
16.867571	0.0017097986	1.7651798	3.785172
16.870986	0.0017077039	1.7778652	3.6434885
16.874402	0.0017077339	1.790071	3.5041905
16.877821	0.0017097288	1.8018189	3.3673236
16.881248	0.0017135609	1.8131282	3.2329342
16.884687	0.0017191282	1.8240165	3.101068
16.888139	0.0017263502	1.8344997	2.9717695
16.89161	0.0017351638	1.8445922	2.8450819
16.895101	0.0017455209	1.8543072	2.7210459
16.898615	0.0017573862	1.863657	2.5997002
16.902157	0.0017707359	1.8726529	2.4810805
16.905728	0.0017855561	1.8813054	2.3652199
16.909332	0.001801842	1.8896243	2.2521482
16.912971	0.0018195975	1.8976188	2.1418923
16.916648	0.001838834	1.9052975	2.0344755
16.920368	0.0018595707	1.9126686	1.929918
16.924131	0.001881834	1.9197399	1.8282365
16.927943	0.0019056577	1.9265186	1.7294442
16.931805	0.0019310827	1.9330118	1.6335509
16.935721	0.0019581573	1.9392262	1.5405627
16.939695	0.0019869375	1.9451682	1.4504825
16.94373	0.002017487	1.9508439	1.3633095
16.94783	0.0020498779	1.9562593	1.2790394
16.951998	0.0020841913	1.9614201	1.1976645
16.956239	0.0021205175	1.9663319	1.1191736
16.960557	0.0021589571	1.9709999	1.0435523
16.964956	0.0021996217	1.9754296	0.97078271
16.969442	0.0022426352	1.9796258	0.90084365
16.974018	0.0022881347	1.9835935	0.83371077
16.97869	0.0023362717	1.9873375	0.76935658
16.983465	0.0023872144	1.9908624	0.70775045
16.988347	0.0024411488	1.9941729	0.64885878
16.993344	0.0024982813	1.9972732	0.59264504
16.998461	0.0025588411	2.0001679	0.53906984
17.003707	0.002623083	2.0028609	0.48809104
17.00909	0.0026912908	2.0053565	0.43966384
17.014618	0.0027637813	2.0076586	0.39374088
17.020299	0.002840909	2.009771	0.35027233
17.026146	0.0029230715	2.0116973	0.30920596
17.032167	0.0030107161	2.0134413	0.27048731
17.038376	0.0031043472	2.0150063	0.23405974
17.044785	0.0032045358	2.0163955	0.19986454
17.051409	0.0033119305	2.017612	0.16784107
17.058263	0.0034272707	2.0186586	0.1379268
17.065366	0.0035514028	2.0195379	0.1100575
17.072737	0.0036853003	2.0202524	0.084167259
17.080397	0.0038300874	2.0208039	0.060188658
17.088371	0.0039870698	2.0211943	0.038052827
17.096686	0.0041577719	2.0214247	0.017689563
17.105374	0.0043439843	2.0214959	-0.00097257424
17.11447	0.0045478236	2.0214083	-0.018006172
17.124014	0.0047718097	2.0211612	-0.033484869
17.134052	0.0050189653	2.0207535	-0.047483274
17.144638	0.0052929468	2.0201828	-0.060076883
17.155834	0.005598218	2.0194457	-0.071342007
17.167715	0.0059402834	2.0185373	-0.081355706
17.180367	0.0063260072	2.0174507	-0.090195737
17.193895	0.0067640561	2.0161768	-0.097940509
17.208426	0.0072655265	2.0147034	-0.10466907
17.224115	0.0078448506	2.0130144	-0.11046111
17.241158	0.0085211371	2.0110885	-0.115397
17.259798	0.0093202118	2.0088974	-0.11955791
17.280354	0.01027782	2.0064028	-0.12302601
17.303243	0.011444846	2.0035528	-0.12588481
17.329036	0.012896206	2.0002746	-0.12821979
17.35853	0.014746853	1.9964637	-0.13011954
17.392895	0.017182674	1.9919641	-0.13167782
17.433947	0.020525924	1.9865303	-0.13299781
17.484734	0.025393488	1.9797441	-0.13420158
17.551071	0.0331685	1.9707991	-0.13545563
17.647225	0.048076928	1.9576964	-0.13706832
17.82466	0.088717776	1.933116	-0.14000972
17.998682	0.087010899	1.9084873	-0.14306906
18.157631	0.079474582	1.8855111	-0.14605647
18.308999	0.075683935	1.8631749	-0.14909215
18.454367	0.072683927	1.8412774	-0.15220312
18.594361	0.069997092	1.8197478	-0.15540101
18.729312	0.067475349	1.7985561	-0.15869272
18.859461	0.065074714	1.7776834	-0.16208401
18.985019	0.062779133	1.7571148	-0.16558058
19.10618	0.060580218	1.7368362	-0.16918837
19.223124	0.058471871	1.7168347	-0.17291369
19.336021	0.056448863	1.6970977	-0.17676323
19.445034	0.054506451	1.6776131	-0.18074412
19.550315	0.052640263	1.6583693	-0.18486399
19.652007	0.050846249	1.6393549	-0.18913096
19.750249	0.049120653	1.6205591	-0.19355371
19.845169	0.047459988	1.6019712	-0.19814152
19.936891	0.045861019	1.5835808	-0.20290432
20.025532	0.044320742	1.5653777	-0.20785273
20.111205	0.042836368	1.547352	-0.21299815
20.194015	0.041405308	1.5294938	-0.21835276
20.274066	0.040025157	1.5117935	-0.22392965
20.351453	0.038693679	1.4942414	-0.22974286
20.426271	0.037408798	1.4768279	-0.23580748
20.498608	0.036168583	1.4595434	-0.2421397
20.56855	0.034971236	1.4423784	-0.24875695
20.63618	0.033815085	1.4253232	-0.25567798
20.701578	0.032698571	1.408368	-0.26292297
20.764818	0.031620242	1.3915031	-0.27051367
20.825976	0.030578742	1.3747182	-0.27847352
20.885121	0.029572803	1.3580032	-0.28682783
20.942324	0.02860124	1.3413475	-0.29560389
20.99765	0.027662944	1.3247404	-0.30483121
21.051163	0.026756873	1.3081707	-0.31454167
21.102927	0.025882052	1.2916268	-0.32476979
21.153003	0.025037562	1.2750968	-0.33555294
21.201448	0.02422254	1.2585683	-0.34693162
21.24832	0.023436174	1.2420283	-0.35894978
21.293675	0.022677701	1.225463	-0.37165515
21.337568	0.021946402	1.2088583	-0.38509963
21.380051	0.021241603	1.192199	-0.39933973
21.421177	0.020562673	1.1754691	-0.41443705
21.460995	0.019909026	1.1586517	-0.43045887
21.499555	0.019280118	1.1417288	-0.44747879
21.536906	0.018675455	1.124681	-0.46557749
21.573095	0.01809459	1.1074876	-0.4848436
21.608169	0.017537134	1.0901263	-0.50537475
21.642175	0.01700276	1.0725728	-0.5272788
21.675157	0.016491213	1.0548007	-0.55067531
21.707162	0.016002328	1.036781	-0.57569732
21.738234	0.015536043	1.0184817	-0.60249355
21.768419	0.015092425	0.99986721	-0.63123112
21.797762	0.01467171	0.98089752	-0.66209896
21.826311	0.014274343	0.96152736	-0.69531222
21.854113	0.013901052	0.94170483	-0.73111797
21.881219	0.013552944	0.9213697	-0.76980282
21.907682	0.013231655	0.90045099	-0.81170333
21.933561	0.01293957	0.87886362	-0.85722048
21.958922	0.012680188	0.85650343	-0.90684074
21.983839	0.012458711	0.83323969	-0.96116762
22.008405	0.012283092	0.80890311	-1.0209713
22.032737	0.012165975	0.78326578	-1.0872716
22.056995	0.012128652	0.7560046	-1.1614865
22.081415	0.01221002	0.72662821	-1.2457273
22.106395	0.012490342	0.69430795	-1.3434743
22.132588	0.013096331	0.65760939	-1.4607875
22.157303	0.012357695	0.61996076	-1.5879635
22.180596	0.011646101	0.58140257	-1.7251408
22.202602	0.011002996	0.54183977	-1.8728782
22.21979	0.0085943344	0.50854841	-2.0024265
22.234906	0.0075579563	0.47734186	-2.1279786
22.248509	0.00680114	0.44756657	-2.251293
22.262181	0.0068361668	0.41587426	-2.3861082
22.274606	0.0062126264	0.38540894	-2.5189509
22.285986	0.0056897235	0.35600581	-2.6499722
22.296516	0.0052654578	0.3274212	-2.7797973
22.30634	0.0049117372	0.29948502	-2.9088271
22.31556	0.0046101604	0.27207661	-3.0373065
22.324258	0.0043487061	0.24510666	-3.1653837
22.332496	0.0041190944	0.21850667	-3.293143
22.340327	0.0039153669	0.19222274	-3.4206252
22.347793	0.0037330871	0.16621147	-3.5478399
22.35493	0.0035688595	0.14043733	-3.6747736
22.361771	0.0034200264	0.11487074	-3.8013951
22.368339	0.0032844681	0.089486788	-3.9276599
22.37466	0.0031604669	0.06426425	-4.0535124
22.380754	0.0030466118	0.039184836	-4.1788888
22.386637	0.0029417297	0.014232657	-4.3037177
22.392327	0.0028448358	-0.010606214	-4.4279221
22.397837	0.0027550949	-0.035344078	-4.55142
22.403181	0.0026717941	-0.059991882	-4.6741249
22.408369	0.0025943194	-0.084559436	-4.7959468
22.413413	0.0025221398	-0.10905559	-4.9167925
22.418323	0.0024547925	-0.13348839	-5.0365656
22.423107	0.0023918728	-0.15786518	-5.1551675
22.427773	0.0023330249	-0.18219273	-5.2724969
22.432329	0.0022779351	-0.20647731	-5.3884504
22.436781	0.0022263254	-0.23072477	-5.5029226
22.441137	0.0021779492	-0.25494058	-5.6158061
22.445402	0.0021325872	-0.27912994	-5.7269915
22.449583	0.0020900435	-0.30329779	-5.8363677
22.453683	0.0020501437	-0.32744886	-5.9438217
22.457708	0.0020127317	-0.35158772	-6.0492388
22.461664	0.0019776682	-0.37571882	-6.1525023
22.465553	0.0019448291	-0.39984653	-6.2534938
22.469381	0.0019141034	-0.42397515	-6.3520928
22.473152	0.0018853929	-0.44810896	-6.448177
22.476869	0.0018586107	-0.47225227	-6.5416217
22.480537	0.0018336806	-0.49640941	-6.6323002
22.484158	0.0018105362	-0.52058481	-6.7200833
22.487736	0.0017891206	-0.544783	-6.8048392
22.491275	0.0017693862	-0.56900867	-6.8864334
22.494778	0.0017512941	-0.59326669	-6.9647283
22.498247	0.0017348143	-0.61756219	-7.0395829
22.501687	0.0017199255	-0.64190054	-7.1108525
22.5051	0.0017066158	-0.6662875	-7.1783886
22.50849	0.0016948824	-0.69072917	-7.2420378
22.511859	0.0016847327	-0.71523219	-7.3016416
22.515212	0.0016761851	-0.73980369	-7.357036
22.51855	0.0016692697	-0.76445149	-7.4080502
22.521878	0.0016640301	-0.78918418	-7.454506
22.525199	0.0016605254	-0.81401122	-7.4962166
22.528517	0.0016588321	-0.83894319	-7.5329854
22.531835	0.0016590481	-0.86399191	-7.5646039
22.535158	0.0016612961	-0.88917076	-7.5908503
22.538489	0.0016657296	-0.91449495	-7.6114867
22.541834	0.0016725403	-0.93998196	-7.6262558
22.545198	0.0016819677	-0.96565202	-7.6348772
22.548587	0.001694313	-0.99152884	-7.6370421
22.552007	0.0017099583	-1.0176404	-7.6324064
22.555466	0.0017293935	-1.0440204	-7.6205818
22.558972	0.0017532565	-1.0707096	-7.6011235
22.562537	0.0017823934	-1.0977586	-7.5735126
22.566173	0.0018179527	-1.1252309	-7.537131
22.569896	0.0018615385	-1.1532088	-7.491224
22.573727	0.0019154735	-1.1818015	-7.4348413
22.577693	0.0019832777	-1.2111596	-7.3667397
22.581835	0.002070615	-1.2415009	-7.2852106
22.586209	0.0021873695	-1.2731617	-7.1877434
22.590915	0.0023529239	-1.3067135	-7.0702763
22.596141	0.0026129308	-1.3432875	-6.9251476
22.602378	0.0031185729	-1.3858891	-6.7329585
22.609077	0.0033494204	-1.4302391	-6.5055653
22.614335	0.0026291248	-1.4639457	-6.3135368
22.619049	0.0023568226	-1.4932812	-6.1325407
22.623775	0.002362933	-1.5218188	-5.9437924
22.628152	0.0021883577	-1.5474398	-5.7634629
22.632283	0.0020656467	-1.5708913	-5.5892097
22.636242	0.0019796028	-1.5926843	-5.4192611
22.640073	0.0019157014	-1.613129	-5.2526863
22.643806	0.0018664944	-1.6324319	-5.088968
22.647462	0.0018278057	-1.6507407	-4.9278061
22.651056	0.0017970591	-1.6681665	-4.7690257
22.654601	0.0017725537	-1.6847958	-4.6125291
22.658107	0.0017531104	-1.7006977	-4.4582679
22.661583	0.0017378809	-1.7159292	-4.3062267
22.665036	0.0017262368	-1.7305374	-4.1564122
22.668471	0.0017177022	-1.7445625	-4.0088459
22.671895	0.0017119101	-1.7580389	-3.8635597
22.675312	0.0017085732	-1.7709966	-3.7205919
22.678727	0.0017074647	-1.7834615	-3.5799852
22.682144	0.001708404	-1.795457	-3.4417845
22.685566	0.0017112466	-1.8070036	-3.3060361
22.688998	0.0017158773	-1.8181198	-3.1727859
22.692442	0.0017222043	-1.8288224	-3.0420793
22.695903	0.0017301553	-1.8391266	-2.9139603
22.699382	0.0017396744	-1.8490462	-2.7884709
22.702884	0.0017507195	-1.8585941	-2.665651
22.70641	0.0017632606	-1.867782	-2.5455379
22.709965	0.0017772787	-1.8766208	-2.4281662
22.71355	0.001792764	-1.8851208	-2.3135675
22.71717	0.0018097158	-1.8932914	-2.2017703
22.720826	0.0018281414	-1.9011415	-2.0927999
22.724522	0.0018480558	-1.9086797	-1.9866782
22.728261	0.0018694814	-1.9159138	-1.8834238
22.732046	0.0018924482	-1.9228515	-1.7830518
22.73588	0.0019169929	-1.9294998	-1.6855739
22.739766	0.00194316	-1.9358657	-1.5909982
22.743708	0.001971001	-1.9419557	-1.4993294
22.747709	0.0020005756	-1.9477761	-1.4105686
22.751773	0.0020319512	-1.9533329	-1.3247135
22.755904	0.0020652039	-1.9586321	-1.2417582
22.760104	0.0021004188	-1.9636793	-1.1616935
22.76438	0.0021376908	-1.9684798	-1.0845066
22.768734	0.0021771254	-1.9730391	-1.0101817
22.773172	0.0022188397	-1.9773621	-0.93869921
22.777698	0.0022629634	-1.9814541	-0.87003664
22.782317	0.0023096398	-1.9853197	-0.80416816
22.787035	0.002359028	-1.9889637	-0.74106484
22.791858	0.0024113039	-1.9923908	-0.68069471
22.796791	0.0024666626	-1.9956054	-0.62302283
22.801842	0.0025253204	-1.9986119	-0.56801134
22.807017	0.0025875176	-2.0014145	-0.51561961
22.812324	0.0026535219	-2.0040175	-0.46580429
22.817771	0.0027236315	-2.0064248	-0.41851938
22.823367	0.0027981798	-2.0086403	-0.3737164
22.829122	0.0028775399	-2.0106678	-0.33134442
22.835047	0.0029621312	-2.012511	-0.29135019
22.841152	0.0030524258	-2.0141734	-0.25367824
22.847449	0.0031489571	-2.0156582	-0.21827098
22.853954	0.0032523299	-2.0169687	-0.1850688
22.860681	0.0033632321	-2.0181077	-0.15401021
22.867645	0.0034824496	-2.0190781	-0.12503189
22.874867	0.0036108836	-2.0198824	-0.098068828
22.882366	0.0037495726	-2.0205227	-0.07305442
22.890166	0.0038997192	-2.0210009	-0.049920573
22.898291	0.0040627232	-2.0213185	-0.028597802
22.906772	0.004240223	-2.0214767	-0.0090153306
22.91564	0.0044341489	-2.0214758	0.0088988137
22.924934	0.0046467897	-2.0213159	0.025217706
22.934695	0.0048808795	-2.0209962	0.040015435
22.944975	0.0051397101	-2.0205149	0.053367022
22.955829	0.0054272795	-2.0198692	0.065348342
22.967326	0.0057484905	-2.0190551	0.076036053
22.979545	0.0061094185	-2.0180668	0.085507536
22.992581	0.0065176814	-2.0168965	0.093840849
23.006546	0.0069829567	-2.0155338	0.10111469
23.021582	0.0075177205	-2.0139649	0.1074084
23.037859	0.0081383264	-2.0121714	0.11280197
23.055592	0.0088666224	-2.0101292	0.11737611
23.075057	0.0097324432	-2.0078058	0.12121241
23.096612	0.010777588	-2.0051575	0.12439359
23.120737	0.012062426	-2.0021238	0.12700397
23.148092	0.013677422	-1.9986193	0.12913024
23.179621	0.015764495	-1.9945194	0.13086301
23.21674	0.018559869	-1.989634	0.13229956
23.26172	0.022489854	-1.983654	0.13354994
23.318564	0.028422187	-1.9760273	0.13475134
23.395624	0.038529637	-1.9655902	0.1361122
23.518803	0.061589943	-1.9486987	0.13814058
23.687757	0.084476789	-1.9251205	0.14098852
23.851437	0.081839861	-1.9018052	0.14392485
24.006908	0.077735573	-1.8791996	0.14690087
24.156212	0.074652277	-1.8570408	0.14994981
24.299968	0.071877606	-1.8352614	0.15308243
24.438514	0.069273313	-1.8138309	0.15630531
24.572105	0.066795174	-1.7927302	0.15962397
24.700958	0.064426703	-1.7719436	0.16304387
24.825276	0.062159135	-1.7514568	0.1665707
24.945248	0.059986046	-1.7312565	0.17021047
25.061052	0.05790192	-1.7113296	0.17396958
25.172856	0.055901752	-1.6916639	0.17785485
25.280818	0.053980926	-1.6722473	0.18187354
25.385088	0.052135167	-1.6530683	0.1860334
25.485809	0.050360512	-1.6341157	0.19034272
25.583116	0.048653279	-1.6153786	0.19481033
25.677136	0.047010055	-1.5968466	0.1994457
25.767991	0.045427671	-1.5785092	0.20425893
25.855797	0.043903183	-1.5603564	0.20926086
25.940665	0.042433861	-1.5423781	0.21446309
26.022699	0.041017167	-1.5245648	0.21987805
26.102001	0.039650745	-1.5069065	0.2255191
26.178666	0.038332405	-1.4893938	0.23140054
26.252786	0.037060111	-1.4720171	0.23753777
26.32445	0.035831971	-1.4547668	0.24394731
26.393742	0.034646222	-1.4376332	0.25064695
26.460745	0.033501227	-1.4206068	0.25765583
26.525536	0.032395455	-1.4036777	0.26499454
26.588191	0.031327482	-1.3868359	0.27268529
26.648783	0.030295976	-1.3700715	0.28075203
26.707382	0.029299696	-1.353374	0.28922058
26.764057	0.028337476	-1.3367329	0.29811886
26.818873	0.027408227	-1.3201373	0.30747699
26.871895	0.026510927	-1.3035759	0.31732758
26.923185	0.025644615	-1.2870372	0.3277059
26.972801	0.02480839	-1.2705089	0.33865017
27.020804	0.024001403	-1.2539785	0.35020181
27.06725	0.023222855	-1.2374328	0.36240579
27.112194	0.022471995	-1.2208581	0.37531095
27.15569	0.021748118	-1.2042398	0.38897042
27.197791	0.021050562	-1.1875625	0.40344208
27.238549	0.020378707	-1.1708101	0.41878904
27.278013	0.019731981	-1.1539652	0.43508027
27.316232	0.019109851	-1.1370096	0.45239125
27.353256	0.018511837	-1.1199236	0.47080477
27.389131	0.017937507	-1.1026859	0.49041186
27.423904	0.017386488	-1.0852738	0.51131285
27.457621	0.016858473	-1.0676623	0.53361868
27.490327	0.01635323	-1.0498245	0.55745247
27.522069	0.015870619	-1.0317306	0.58295136
27.55289	0.015410613	-1.0133475	0.6102689
27.582836	0.014973322	-0.99463861	0.63957786
27.611954	0.014559033	-0.97556254	0.67107398
27.640291	0.014168262	-0.95607233	0.70498062
27.667895	0.013801832	-0.93611395	0.74155497
27.694817	0.013460979	-0.91562446	0.78109631
27.721112	0.013147518	-0.89452936	0.82395741
27.74684	0.012864102	-0.87273887	0.87056051
27.772069	0.012614627	-0.85014233	0.92142082
27.796879	0.012404929	-0.82659978	0.97718211
27.821367	0.012244011	-0.80192816	1.0386736
27.84566	0.012146389	-0.77587782	1.1070065
27.869934	0.012136993	-0.74808873	1.1837519
27.894459	0.012262701	-0.71799973	1.2713063
27.919708	0.012624664	-0.68462788	1.3737708
27.945493	0.012892239	-0.64768747	1.4936417
27.969816	0.012161345	-0.60980662	1.6234201
27.992753	0.011468671	-0.57099135	1.7633471
28.014439	0.010842952	-0.53114428	1.9139888
28.030877	0.0082192328	-0.49864325	2.0418552
28.045476	0.0072992007	-0.4679352	2.166573
28.058682	0.0066030991	-0.43852014	2.2894098
28.071949	0.0066337277	-0.40726624	2.4233295
28.084057	0.0060539978	-0.37713157	2.5555642
28.095184	0.0055630888	-0.34797749	2.6861988
28.105505	0.0051608811	-0.31958786	2.8157704
28.115152	0.004823182	-0.29180907	2.9446274
28.124219	0.0045337823	-0.26453061	3.0729832
28.132783	0.004281902	-0.23766977	3.2009655
28.140903	0.0040600152	-0.21116264	3.3286452
28.148628	0.0038626502	-0.18495857	3.4560531
28.156	0.0036856988	-0.15901657	3.5831918
28.163052	0.003525996	-0.13330294	3.7100424
28.169814	0.0033810505	-0.1077895	3.8365696
28.176312	0.0032488662	-0.082452465	3.9627256
28.182567	0.0031278188	-0.057271481	4.0884524
28.1886	0.0030165697	-0.032228979	4.2136839
28.194428	0.0029140024	-0.0073096554	4.338347
28.200067	0.0028191772	0.017499934	4.4623632
28.205529	0.0027312955	0.042211689	4.5856492
28.210829	0.0026496737	0.066836219	4.7081176
28.215976	0.0025737227	0.091383052	4.8296773
28.220982	0.0025029316	0.1158608	4.9502343
28.225856	0.0024368548	0.1402773	5.0696916
28.230606	0.002375102	0.16463973	5.1879496
28.235241	0.0023173298	0.18895472	5.3049066
28.239767	0.0022632349	0.2132284	5.4204585
28.244192	0.0022125486	0.23746651	5.5344995
28.248522	0.0021650322	0.26167445	5.6469215
28.252763	0.0021204731	0.28585734	5.7576146
28.256921	0.0020786819	0.31002005	5.8664673
28.261	0.0020394893	0.33416726	5.9733661
28.265005	0.0020027441	0.35830353	6.0781957
28.268942	0.0019683115	0.38243325	6.1808389
28.272814	0.001936071	0.40656078	6.2811768
28.276626	0.0019059155	0.43069041	6.3790884
28.280381	0.0018777499	0.45482643	6.4744506
28.284084	0.0018514904	0.47897315	6.5671384
28.287738	0.0018270634	0.50313492	6.6570242
28.291347	0.0018044054	0.5273162	6.7439783
28.294914	0.0017834621	0.55152156	6.827868
28.298442	0.0017641882	0.57575574	6.908558
28.301935	0.0017465474	0.60002367	6.9859098
28.305396	0.0017305121	0.62433053	7.0597815
28.308829	0.0017160636	0.64868182	7.1300273
28.312235	0.0017031923	0.67308337	7.1964973
28.315619	0.0016918984	0.69754143	7.2590369
28.318983	0.0016821923	0.72206275	7.3174861
28.322331	0.0016740953	0.74665467	7.371679
28.325667	0.0016676412	0.7713252	7.4214429
28.328992	0.0016628778	0.79608315	7.4665974
28.332312	0.0016598686	0.82093828	7.506953
28.335629	0.0016586959	0.84590149	7.54231
28.338948	0.0016594638	0.87098501	7.5724565
28.342273	0.0016623031	0.89620268	7.5971664
28.345608	0.001667377	0.92157032	7.6161968
28.348958	0.0016748895	0.9471061	7.6292844
28.352328	0.0016850956	0.97283116	7.6361415
28.355724	0.0016983168	0.99877029	7.6364501
28.359154	0.0017149621	1.0249529	7.629855
28.362625	0.0017355578	1.0514145	7.6159536
28.366147	0.0017607926	1.0781983	7.5942824
28.36973	0.0017915854	1.105358	7.5642978
28.373389	0.0018291926	1.1329618	7.5253484
28.377139	0.0018753854	1.1610983	7.4766319
28.381005	0.0019327579	1.1898867	7.4171288
28.385015	0.0020053014	1.2194927	7.3454882
28.389215	0.0020995676	1.2501603	7.259823
28.393669	0.0022273151	1.2822751	7.1572955
28.398494	0.0024125961	1.3165149	7.0331507
28.403927	0.0027162809	1.3543066	6.8778543
28.410677	0.0033749231	1.4000174	6.6635855
28.416707	0.0030148793	1.4395716	6.4540809
28.421796	0.0025447376	1.4719428	6.2654896
28.426407	0.0023055455	1.5004229	6.0864895
28.431027	0.0023101048	1.5281158	5.9004348
28.435336	0.0021544753	1.5531568	5.7218008
28.439422	0.0020426841	1.5761797	5.5486854
28.443347	0.001962851	1.5976308	5.3795983
28.447153	0.0019029325	1.6177896	5.2137353
28.450866	0.0018565125	1.6368458	5.0506428
28.454506	0.0018198935	1.6549369	4.8900563
28.458088	0.0017907524	1.6721673	4.7318225
28.461623	0.0017675356	1.6886189	4.5758572
28.465121	0.0017491555	1.7043576	4.4221213
28.468591	0.0017348238	1.7194377	4.2706053
28.472038	0.0017239533	1.7339046	4.1213199
28.475471	0.0017160969	1.7477971	3.9742896
28.478893	0.0017109086	1.7611484	3.8295478
28.482309	0.0017081172	1.7739873	3.6871342
28.485724	0.0017075076	1.7863392	3.5470923
28.489142	0.0017089087	1.7982268	3.4094672
28.492566	0.0017121836	1.80967	3.2743053
28.496	0.0017172228	1.820687	3.1416524
28.499448	0.0017239397	1.8312941	3.0115537
28.502913	0.0017322659	1.8415062	2.8840526
28.506397	0.0017421491	1.8513368	2.7591908
28.509904	0.0017535501	1.8607985	2.6370076
28.513437	0.0017664418	1.8699029	2.5175397
28.516999	0.0017808073	1.8786607	2.4008208
28.520592	0.0017966391	1.887082	2.286882
28.52422	0.0018139384	1.895176	2.175751
28.527885	0.0018327143	1.9029517	2.0674522
28.531591	0.0018529837	1.9104173	1.9620069
28.535341	0.0018747708	1.9175806	1.8594327
28.539137	0.001898107	1.9244492	1.759744
28.542983	0.001923031	1.9310302	1.6629517
28.546882	0.0019495889	1.9373302	1.5690629
28.550838	0.0019778342	1.9433559	1.4780817
28.554854	0.0020078281	1.9491135	1.3900082
28.558933	0.0020396403	1.9546089	1.3048393
28.56308	0.0020733489	1.959848	1.2225684
28.567298	0.0021090411	1.9648364	1.1431854
28.571591	0.0021468145	1.9695794	1.0666767
28.575965	0.0021867771	1.9740823	0.99302566
28.580423	0.0022290489	1.9783503	0.92221204
28.58497	0.0022737625	1.9823883	0.85421251
28.589613	0.0023210652	1.9862011	0.78900051
28.594355	0.0023711196	1.9897934	0.72654639
28.599203	0.0024241059	1.9931699	0.66681745
28.604163	0.0024802242	1.9963349	0.60977807
28.609243	0.0025396961	1.9992928	0.55538973
28.614448	0.0026027682	2.0020479	0.50361114
28.619788	0.002669715	2.0046042	0.45439832
28.625269	0.0027408425	2.0069658	0.40770467
28.630902	0.0028164931	2.0091366	0.36348113
28.636697	0.0028970503	2.0111202	0.32167619
28.642662	0.0029829452	2.0129203	0.2822361
28.648812	0.0030746637	2.0145404	0.24510485
28.655157	0.003172755	2.0159837	0.21022438
28.661713	0.0032778425	2.0172534	0.17753462
28.668494	0.0033906357	2.0183524	0.14697364
28.675518	0.0035119461	2.0192833	0.1184777
28.682804	0.0036427053	2.0200486	0.09198142
28.690372	0.0037839879	2.0206504	0.067417824
28.698246	0.0039370398	2.0210905	0.044718482
28.706452	0.0041033131	2.0213704	0.023813596
28.715021	0.0042845101	2.0214909	0.0046320977
28.723987	0.0044826391	2.0214525	-0.012898254
28.733387	0.0047000855	2.0212549	-0.028850781
28.743266	0.0049397039	2.0208971	-0.043299801
28.753676	0.0052049382	2.0203773	-0.056320544
28.764676	0.0054999802	2.0196922	-0.067989075
28.776336	0.0058299824	2.0188375	-0.078382229
28.788739	0.0062013471	2.017807	-0.08757755
28.801983	0.0066221256	2.0165922	-0.095653251
28.816188	0.0071025801	2.0151822	-0.10268818
28.8315	0.00765599	2.013562	-0.10876183
28.8481	0.0082998364	2.0117121	-0.11395434
28.866215	0.009057588	2.0096067	-0.11834664
28.886138	0.0099614757	2.007211	-0.12202054
28.908252	0.01105696	2.0044778	-0.12505909
28.933072	0.012410228	2.0013416	-0.12754707
28.961315	0.014121451	1.9977095	-0.12957194
28.994015	0.016349762	1.9934444	-0.13122555
29.032744	0.01936451	1.9883342	-0.13260749
29.080071	0.023663519	1.9820282	-0.13383236
29.14067	0.030299494	1.9738803	-0.13504812
29.224894	0.042112113	1.9624443	-0.13649681
29.372196	0.073650912	1.9421597	-0.13892085
29.534968	0.081385985	1.9193222	-0.14170721
29.694835	0.079933853	1.8964369	-0.14461998
29.848385	0.076774617	1.8740033	-0.14760388
29.996255	0.073935014	1.8519523	-0.15066934
30.138749	0.071246923	1.8302601	-0.15382177
30.276118	0.068684644	1.8089087	-0.15706621
30.408589	0.066235647	1.7878824	-0.16040781
30.536373	0.063891911	1.7671666	-0.16385198
30.659667	0.061646952	1.7467475	-0.16740445
30.778657	0.059495006	1.7266117	-0.17107131
30.893518	0.057430791	1.7067465	-0.17485905
31.004417	0.055449422	1.6871396	-0.17877459
31.11151	0.053546374	1.6677791	-0.18282531
31.214945	0.051717446	1.6486536	-0.18701907
31.314862	0.049958743	1.6297519	-0.19136429
31.411396	0.048266648	1.6110633	-0.19586994
31.504671	0.046637806	1.5925773	-0.20054562
31.594809	0.045069102	1.5742836	-0.20540162
31.681925	0.043557643	1.5561722	-0.21044893
31.766126	0.042100744	1.538233	-0.21569935
31.847518	0.040695911	1.5204565	-0.22116552
31.9262	0.039340828	1.5028329	-0.226861
32.002266	0.038033341	1.4853526	-0.23280035
32.075809	0.036771449	1.468006	-0.23899921
32.146916	0.035553292	1.4507836	-0.24547439
32.21567	0.034377136	1.4336757	-0.25224398
32.282153	0.033241368	1.4166727	-0.25932745
32.346442	0.032144484	1.3997648	-0.26674576
32.408612	0.031085083	1.3829419	-0.2745215
32.468736	0.030061854	1.3661939	-0.28267904
32.526883	0.029073573	1.3495105	-0.29124469
32.583121	0.028119093	1.3328809	-0.30024683
32.637516	0.027197342	1.3162942	-0.30971616
32.69013	0.026307311	1.2997392	-0.31968588
32.741026	0.025448054	1.2832039	-0.33019193
32.790264	0.024618682	1.2666763	-0.34127323
32.837901	0.023818359	1.2501435	-0.352972
32.883993	0.023046297	1.2335924	-0.36533407
32.928597	0.022301756	1.2170089	-0.37840925
32.971765	0.021584039	1.2003783	-0.39225173
33.01355	0.020892497	1.183685	-0.40692053
33.054003	0.020226519	1.1669128	-0.42248009
33.093174	0.019585542	1.1500439	-0.43900082
33.131112	0.018969045	1.1330599	-0.45655981
33.167865	0.01837656	1.1159406	-0.47524169
33.20348	0.017807666	1.0986646	-0.49513952
33.238004	0.017262007	1.0812085	-0.51635598
33.271483	0.01673929	1.0635471	-0.53900469
33.303962	0.016239304	1.0456527	-0.56321183
33.335485	0.015761933	1.0274947	-0.58911813
33.3661	0.015307179	1.0090395	-0.6168813
33.39585	0.014875189	0.99024934	-0.64667909
33.424783	0.014466297	0.97108165	-0.67871317
33.452945	0.014081085	0.95148798	-0.71321413
33.480386	0.013720458	0.93141242	-0.75044811
33.507157	0.013385769	0.91078962	-0.79072562
33.533315	0.013079002	0.88954192	-0.83441389
33.558922	0.012803052	0.86757527	-0.88195431
33.584046	0.012562191	0.84477313	-0.93388813
33.608772	0.012362851	0.82098702	-0.99089599
33.633202	0.012215044	0.79602104	-1.0538619
33.657472	0.01213512	0.76960493	-1.1239834
33.681775	0.012151672	0.74134281	-1.2029799
33.706415	0.012319917	0.7106035	-1.2935325
33.731943	0.012764176	0.67624066	-1.4003977
33.757386	0.012721168	0.63908476	-1.5225131
33.781378	0.011996338	0.60099815	-1.6545677
33.804018	0.011319541	0.56195552	-1.7968985
33.822977	0.0094794706	0.52663026	-1.9314895
33.839144	0.0080835292	0.49438615	-2.0589269
33.853531	0.0071935734	0.46387902	-2.1833236
33.866573	0.0065213382	0.4346108	-2.3059773
33.879674	0.0065503136	0.40353502	-2.4395453
33.89165	0.0059879665	0.37353619	-2.5715389
33.90267	0.0055099275	0.34448545	-2.7020187
33.912903	0.0051167228	0.31617732	-2.831488
33.922475	0.004785633	0.28846465	-2.9602747
33.931477	0.0045012953	0.26124098	-3.0885796
33.939984	0.004253418	0.23442629	-3.2165223
33.948054	0.0040347757	0.20795852	-3.3441678
33.955734	0.0038400927	0.18178836	-3.4715434
33.963064	0.0036653942	0.15587583	-3.5986484
33.97008	0.0035076093	0.13018795	-3.7254618
33.976808	0.0033643152	0.10469718	-3.8519467
33.983275	0.0032335668	0.079380155	-3.9780538
33.989503	0.0031137786	0.054216909	-4.103724
33.99551	0.0030036418	0.029190171	-4.2288903
34.001314	0.002902064	0.0042848827	-4.353479
34.006931	0.002808124	-0.020512196	-4.4774109
34.012373	0.0027210386	-0.045212795	-4.6006022
34.017653	0.0026401369	-0.069827384	-4.722965
34.022783	0.0025648398	-0.094365369	-4.8444078
34.027772	0.0024946451	-0.11883526	-4.9648362
34.03263	0.0024291144	-0.14324481	-5.0841529
34.037366	0.0023678636	-0.16760113	-5.202258
34.041987	0.0023105544	-0.19191077	-5.3190497
34.046501	0.0022568881	-0.21617982	-5.4344235
34.050914	0.0022065998	-0.24041398	-5.5482732
34.055233	0.0021594542	-0.26461861	-5.6604907
34.059463	0.0021152417	-0.28879878	-5.7709659
34.063611	0.0020737754	-0.31295936	-5.879587
34.067681	0.0020348884	-0.33710501	-5.9862401
34.071678	0.0019984317	-0.36124024	-6.09081
34.075606	0.001964272	-0.38536947	-6.1931791
34.079471	0.0019322908	-0.40949703	-6.2932282
34.083276	0.0019023823	-0.43362721	-6.3908361
34.087024	0.0018744529	-0.4577643	-6.4858796
34.090721	0.0018484201	-0.48191262	-6.5782333
34.09437	0.0018242117	-0.50607653	-6.6677693
34.097973	0.0018017651	-0.53026049	-6.7543576
34.101535	0.0017810272	-0.5544691	-6.8378652
34.105059	0.0017619538	-0.57870712	-6.9181565
34.108548	0.0017445097	-0.6029795	-6.9950924
34.112006	0.0017286683	-0.62729148	-7.0685307
34.115434	0.0017144121	-0.65164856	-7.1383252
34.118838	0.0017017326	-0.67605664	-7.2043252
34.122219	0.0016906312	-0.70052203	-7.2663757
34.125581	0.0016811195	-0.72505155	-7.3243159
34.128928	0.0016732204	-0.74965259	-7.3779792
34.132262	0.0016669692	-0.77433327	-7.427192
34.135587	0.0016624156	-0.7991025	-7.4717728
34.138906	0.0016596251	-0.82397018	-7.511531
34.142223	0.0016586824	-0.84894735	-7.5462655
34.145543	0.0016596948	-0.87404642	-7.5757628
34.148868	0.0016627966	-0.89928146	-7.5997949
34.152204	0.0016681555	-0.92466853	-7.6181166
34.155556	0.001675981	-0.95022615	-7.6304619
34.158929	0.0016865353	-0.97597585	-7.6365397
34.16233	0.0017001494	-1.0019429	-7.636028
34.165764	0.0017172445	-1.0281575	-7.6285663
34.169241	0.0017383641	-1.0546558	-7.6137455
34.172769	0.0017642206	-1.0814822	-7.5910935
34.176361	0.0017957672	-1.1086919	-7.5600554
34.18003	0.0018343117	-1.1363553	-7.5199637
34.183793	0.0018817052	-1.1645641	-7.4699944
34.187674	0.0019406738	-1.1934419	-7.4090947
34.191705	0.0020154405	-1.223162	-7.3358621
34.195931	0.0021130024	-1.2539813	-7.2483223
34.200423	0.0022460846	-1.2863099	-7.1434738
34.205306	0.0024412488	-1.3208813	-7.0162018
34.210842	0.0027681599	-1.3592873	-6.8559317
34.217887	0.0035223252	-1.4067973	-6.6292858
34.223677	0.0028949385	-1.4445963	-6.4258329
34.22868	0.0025018138	-1.4762843	-6.2390035
34.233239	0.0022795298	-1.5043245	-6.0610014
34.237806	0.0022834429	-1.5315843	-5.8762879
34.24208	0.0021369338	-1.5563201	-5.6985257
34.246141	0.0020305702	-1.5791131	-5.5260124
34.250049	0.0019539218	-1.600379	-5.3573899
34.253841	0.0018960865	-1.6203817	-5.1919159
34.257544	0.0018511428	-1.6393026	-5.0291685
34.261175	0.0018156301	-1.657274	-4.8689015
34.26475	0.0017873533	-1.6743966	-4.7109728
34.268279	0.0017648339	-1.6907499	-4.5553052
34.271773	0.001747032	-1.7063982	-4.4018642
34.27524	0.0017331904	-1.7213944	-4.2506436
34.278685	0.0017227436	-1.7357829	-4.1016561
34.282116	0.0017152598	-1.7496017	-3.9549277
34.285537	0.0017104042	-1.7628833	-3.8104928
34.288952	0.001707914	-1.7756561	-3.6683917
34.292368	0.0017075806	-1.7879451	-3.5286682
34.295786	0.0017092379	-1.7997725	-3.3913677
34.299211	0.0017127529	-1.8111581	-3.2565365
34.302648	0.0017180196	-1.8221197	-3.1242203
34.306097	0.0017249539	-1.8326735	-2.9944642
34.309564	0.0017334897	-1.8428341	-2.8673115
34.313052	0.0017435764	-1.852615	-2.7428033
34.316562	0.0017551769	-1.8620286	-2.6209788
34.320098	0.0017682652	-1.8710864	-2.5018742
34.323664	0.0017828257	-1.8797989	-2.3855229
34.327262	0.0017988522	-1.8881762	-2.2719556
34.330895	0.001816347	-1.8962274	-2.1611995
34.334565	0.0018353202	-1.9039614	-2.0532787
34.338277	0.0018557896	-1.9113864	-1.9482138
34.342032	0.0018777805	-1.9185102	-1.8460222
34.345835	0.0019013253	-1.9253402	-1.7467178
34.349688	0.0019264636	-1.9318834	-1.6503108
34.353594	0.0019532424	-1.9381467	-1.5568083
34.357558	0.0019817163	-1.9441364	-1.4662134
34.361582	0.0020119476	-1.9498588	-1.378526
34.36567	0.002044007	-1.9553198	-1.2937426
34.369826	0.0020779739	-1.9605253	-1.211856
34.374054	0.0021139368	-1.9654807	-1.1328557
34.378358	0.0021519945	-1.9701916	-1.0567277
34.382742	0.0021922567	-1.974663	-0.98345486
34.387212	0.0022348449	-1.9789001	-0.91301652
34.391771	0.0022798938	-1.9829079	-0.84538891
34.396427	0.0023275522	-1.9866912	-0.78054508
34.401183	0.0023779853	-1.9902546	-0.71845496
34.406045	0.0024313758	-1.9936026	-0.65908546
34.411021	0.0024879263	-1.9967399	-0.60240056
34.416117	0.0025478618	-1.9996706	-0.54836137
34.42134	0.0026114322	-2.0023991	-0.49692624
34.426698	0.002678916	-2.0049293	-0.44805084
34.432199	0.0027506238	-2.0072653	-0.40168823
34.437853	0.0028269032	-2.009411	-0.35778903
34.443669	0.0029081435	-2.01137	-0.31630142
34.449659	0.0029947829	-2.0131461	-0.27717133
34.455833	0.0030873148	-2.0147425	-0.2403425
34.462206	0.003186298	-2.0161626	-0.20575658
34.46879	0.0032923662	-2.0174094	-0.17335324
34.475603	0.0034062418	-2.0184859	-0.14307032
34.48266	0.003528751	-2.0193946	-0.11484385
34.489982	0.0036608429	-2.0201381	-0.088608218
34.497589	0.0038036132	-2.0207183	-0.064296268
34.505506	0.003958333	-2.0211371	-0.041839376
34.513759	0.0041264848	-2.0213958	-0.021167569
34.522379	0.0043098082	-2.0214951	-0.0022096178
34.531399	0.0045103569	-2.0214356	0.015106867
34.54086	0.004730573	-2.0212168	0.030855346
34.550807	0.0049733817	-2.0208377	0.045110262
34.561292	0.005242316	-2.020296	0.057946959
34.572375	0.0055416819	-2.0195887	0.069441609
34.584129	0.0058767792	-2.0187111	0.079671144
34.596637	0.0062542033	-2.0176566	0.088713201
34.610002	0.0066822626	-2.0164167	0.096646075
34.624345	0.007171567	-2.0149796	0.1035487
34.639817	0.0077358758	-2.0133301	0.10950065
34.656603	0.008393346	-2.011448	0.11458218
34.67494	0.0091684227	-2.0093063	0.1188743
34.69513	0.010094789	-2.0068688	0.12245897
34.71757	0.011220137	-2.0040863	0.12541945
34.742798	0.012614233	-2.0008903	0.12784079
34.771565	0.014383276	-1.9971832	0.12981093
34.804959	0.016697232	-1.9928202	0.13142248
34.844653	0.019846668	-1.9875756	0.13277648
34.893406	0.024376454	-1.9810717	0.13399053
34.956339	0.031466496	-1.9725996	0.13521979
35.045257	0.044459354	-1.9605082	0.13673083
35.213489	0.084115661	-1.9372731	0.13950719
35.374122	0.080316707	-1.9146415	0.14229274
35.532371	0.079124489	-1.8918945	0.14521365
35.684675	0.076151757	-1.8695515	0.14821191
35.831425	0.073375042	-1.8475771	0.15129396
35.972867	0.070721315	-1.8259553	0.1544643
36.109236	0.068184516	-1.8046704	0.15772776
36.240752	0.065757694	-1.7837075	0.16108946
36.367621	0.063434369	-1.7630523	0.16455485
36.490038	0.061208523	-1.742691	0.16812974
36.608187	0.059074572	-1.7226104	0.17182028
36.722241	0.057027336	-1.702798	0.17563306
36.832365	0.055062012	-1.6832413	0.17957508
36.938714	0.05317414	-1.6639288	0.18365381
37.041433	0.051359584	-1.644849	0.18787723
37.140662	0.049614507	-1.6259909	0.19225385
37.236533	0.047935346	-1.6073438	0.19679277
37.32917	0.046318795	-1.5888971	0.20150374
37.418694	0.044761784	-1.5706407	0.20639716
37.505217	0.043261465	-1.5525646	0.21148419
37.588847	0.041815191	-1.5346588	0.2167768
37.669688	0.040420506	-1.5169137	0.22228779
37.747838	0.039075126	-1.4993195	0.22803093
37.823392	0.03777693	-1.4818668	0.23402098
37.89644	0.036523946	-1.4645459	0.24027382
37.967069	0.035314338	-1.4473472	0.24680649
38.035362	0.034146399	-1.4302611	0.25363736
38.101399	0.033018539	-1.4132779	0.26078619
38.165257	0.031929274	-1.3963878	0.26827424
38.227012	0.030877222	-1.3795808	0.27612447
38.286734	0.02986109	-1.3628465	0.2843616
38.344493	0.02887967	-1.3461748	0.29301235
38.400357	0.027931832	-1.3295547	0.30210556
38.45439	0.027016514	-1.3129753	0.3116724
38.506655	0.026132723	-1.2964251	0.3217466
38.557214	0.025279523	-1.2798924	0.33236468
38.606126	0.024456037	-1.2633648	0.3435662
38.653449	0.023661437	-1.2468294	0.35539407
38.699239	0.022894947	-1.2302729	0.36789489
38.743551	0.022155834	-1.2136812	0.38111931
38.786438	0.021443412	-1.1970393	0.39512244
38.827952	0.020757039	-1.1803316	0.40996437
38.868144	0.020096114	-1.1635414	0.42571066
38.907064	0.019460081	-1.146651	0.44243299
38.944761	0.018848432	-1.1296415	0.46020992
38.981282	0.018260704	-1.1124926	0.47912767
39.016675	0.017696493	-1.0951825	0.49928113
39.050986	0.017155451	-1.0776874	0.52077507
39.084261	0.016637302	-1.0599816	0.54372546
39.116545	0.016141853	-1.0420368	0.56826125
39.147883	0.015669009	-1.0238222	0.59452635
39.17832	0.015218798	-1.005303	0.62268221
39.207903	0.014791402	-0.9864408	0.65291104
39.236677	0.0143872	-0.96719186	0.68541986
39.264691	0.014006828	-0.94750638	0.72044578
39.291994	0.013651272	-0.92732677	0.75826304
39.318638	0.013321994	-0.90658545	0.7991924
39.34468	0.013021133	-0.88520186	0.84361433
39.370183	0.012751816	-0.86307801	0.89198783
39.395221	0.01251867	-0.84009187	0.94487832
39.419878	0.012328702	-0.81608696	1.003001
39.444264	0.012192908	-0.79085516	1.0672917
39.468523	0.012129463	-0.76410631	1.1390314
39.492864	0.012170688	-0.73540913	1.220085
39.517626	0.012380604	-0.70406113	1.3134229
39.543444	0.012909417	-0.66874069	1.4245024
39.56859	0.012572641	-0.63138727	1.5486477
39.592295	0.011852687	-0.59311314	1.6827541
39.614674	0.011189694	-0.55386355	1.8272508
39.632868	0.00909686	-0.51943166	1.9595681
39.648599	0.0078653851	-0.48762201	2.086194
39.662663	0.0070322708	-0.4574185	2.2101245
39.675454	0.0063953655	-0.42837439	2.3325124
39.688298	0.0064219622	-0.39756988	2.4655588
39.700069	0.0058856219	-0.36777954	2.5971925
39.710923	0.0054270282	-0.3388886	2.7274396
39.721019	0.0050475689	-0.31070713	2.8567542
39.730472	0.0047266483	-0.28309762	2.9854338
39.739372	0.0044501436	-0.25595969	3.1136603
39.747789	0.0042084872	-0.22921737	3.2415411
39.755779	0.0039949044	-0.20281143	3.3691326
39.763388	0.003804415	-0.17669463	3.496456
39.770654	0.0036332472	-0.1508285	3.6235061
39.777611	0.0034784739	-0.12518125	3.7502585
39.784287	0.0033377771	-0.09972622	3.8766736
39.790705	0.0032092901	-0.074440793	4.0027
39.796888	0.0030914875	-0.049305565	4.1282771
39.802855	0.002983107	-0.024303735	4.2533362
39.808621	0.0028830927	0.00057937012	4.3778027
39.814202	0.0027905528	0.025356673	4.5015963
39.819611	0.0027047281	0.05003964	4.6246324
39.824861	0.0026249669	0.074638516	4.7468223
39.829963	0.0025507064	0.099162521	4.868074
39.834926	0.0024814578	0.12362001	4.9882924
39.839759	0.0024167939	0.14801859	5.1073798
39.844472	0.0023563403	0.17236527	5.2252358
39.849071	0.0022997669	0.19666649	5.341758
39.853565	0.002246782	0.22092827	5.4568418
39.857959	0.0021971268	0.24515624	5.5703805
39.86226	0.0021505713	0.26935568	5.6822655
39.866474	0.0021069107	0.29353165	5.7923865
39.870606	0.002065962	0.31768894	5.9006311
39.874661	0.0020275622	0.34183219	6.0068855
39.878644	0.0019915653	0.36596591	6.1110336
39.88256	0.0019578412	0.39009447	6.2129578
39.886413	0.0019262738	0.4142222	6.3125385
39.890206	0.0018967599	0.4383534	6.409654
39.893944	0.0018692081	0.46249235	6.5041807
39.897632	0.0018435379	0.48664337	6.5959927
39.901271	0.0018196791	0.51081085	6.6849618
39.904866	0.001797571	0.53499928	6.7709573
39.90842	0.0017771623	0.55921326	6.8538459
39.911937	0.0017584105	0.58345761	6.9334911
39.91542	0.0017412821	0.60773733	7.0097534
39.918871	0.0017257522	0.63205769	7.0824897
39.922295	0.0017118051	0.65642429	7.1515531
39.925694	0.0016994343	0.68084308	7.2167921
39.929071	0.0016886429	0.70532048	7.2780504
39.93243	0.0016794448	0.72986339	7.3351664
39.935774	0.0016718652	0.75447937	7.3879721
39.939106	0.0016659421	0.77917666	7.4362923
39.942429	0.001661728	0.80396436	7.479944
39.945748	0.0016592921	0.82885257	7.5187346
39.949065	0.0016587231	0.85385258	7.5524607
39.952385	0.0016601332	0.87897711	7.5809061
39.955713	0.0016636626	0.90424059	7.6038399
39.959052	0.0016694866	0.92965952	7.6210128
39.962407	0.0016778238	0.95525296	7.6321545
39.965785	0.0016889488	0.9810431	7.6369683
39.969192	0.0017032081	1.0070561	7.6351253
39.972634	0.0017210441	1.0333232	7.6262565
39.97612	0.0017430289	1.0598819	7.6099415
39.979659	0.0017699155	1.0867786	7.585694
39.983265	0.0018027158	1.1140711	7.5529395
39.986951	0.0018428259	1.1418333	7.5109844
39.990735	0.001892236	1.1701621	7.4589662
39.994643	0.0019539029	1.1991892	7.3957756
39.998708	0.002032461	1.2291009	7.3199203
40.002979	0.0021357114	1.2601767	7.2292718
