0.069903033	0.034951516	0.0099733437	-0.00083185306
0.14979991	0.039948441	0.0098571101	-0.0022062025
0.22030134	0.035250714	0.0096449939	-0.0039551857
0.28343829	0.031568475	0.009331966	-0.0061202952
0.34061988	0.028590796	0.0089120386	-0.008742403
0.39786817	0.028624143	0.0083191527	-0.012201208
0.45013238	0.026132103	0.0075806353	-0.016310415
0.49788782	0.02387772	0.0066940804	-0.021085133
0.54186548	0.021988831	0.0056525015	-0.026565605
0.58264924	0.020391879	0.0044481075	-0.032794654
0.6206944	0.019022584	0.0030728444	-0.03981518
0.65636244	0.017834017	0.0015185036	-0.047669946
0.68994561	0.016791587	-0.00022323183	-0.056401572
0.72168402	0.015869206	-0.0021607606	-0.066052557
0.7517776	0.015046787	-0.0043025457	-0.076665293
0.78039478	0.01430859	-0.006657104	-0.088282075
0.80767896	0.013642089	-0.0092330008	-0.10094512
0.83375333	0.013037186	-0.012038848	-0.11469658
0.85872461	0.012485642	-0.015083305	-0.12957856
0.88268594	0.011980666	-0.018375085	-0.14563311
0.90571917	0.011516612	-0.021922962	-0.1629023
0.92789665	0.011088742	-0.025735778	-0.18142817
0.94928276	0.010693056	-0.02982246	-0.2012528
0.96993507	0.010326153	-0.034192032	-0.22241832
0.98990532	0.0099851258	-0.038853635	-0.24496693
1.0092403	0.0096674739	-0.043816552	-0.26894093
1.0279823	0.0093710404	-0.049090229	-0.2943828
1.0461703	0.0090939555	-0.054684309	-0.32133517
1.0638394	0.0088345942	-0.060608664	-0.34984092
1.0810225	0.0085915404	-0.06687344	-0.37994322
1.0977496	0.008363558	-0.073489097	-0.41168557
1.1140488	0.0081495674	-0.080466466	-0.44511192
1.129946	0.0079486256	-0.087816811	-0.48026669
1.1454659	0.0077599105	-0.095551897	-0.51719491
1.1606313	0.0075827078	-0.10368407	-0.55594231
1.1754641	0.0074164002	-0.11222636	-0.59655544
1.189985	0.0072604594	-0.12119258	-0.63908181
1.2042139	0.0071144392	-0.13059744	-0.68357008
1.2181698	0.0069779711	-0.14045673	-0.73007023
1.2318713	0.0068507614	-0.15078748	-0.77863379
1.2453365	0.0067325899	-0.16160812	-0.82931414
1.2585831	0.0066233107	-0.17293879	-0.88216679
1.2716288	0.0065228548	-0.18480161	-0.93724981
1.2844913	0.0064312355	-0.19722099	-0.99462424
1.2971884	0.006348556	-0.21022412	-1.0543547
1.3097385	0.0062750217	-0.22384145	-1.1165102
1.3221604	0.0062109563	-0.23810734	-1.1811646
1.334474	0.0061568246	-0.2530609	-1.2483982
1.3467006	0.0061132648	-0.26874701	-1.3182989
1.3588628	0.0060811321	-0.28521766	-1.390964
1.3709859	0.0060615608	-0.3025337	-1.4665024
1.3830981	0.0060560534	-0.32076717	-1.545038
1.3952313	0.006066609	-0.34000448	-1.6267138
1.4074231	0.0060959168	-0.36035083	-1.7116979
1.4197184	0.0061476518	-0.38193657	-1.8001919
1.4321723	0.0062269467	-0.40492654	-1.8924435
1.4448546	0.0063411743	-0.42953446	-1.9887655
1.4578573	0.0065013152	-0.45604603	-2.089567
1.4713063	0.0067245005	-0.48485819	-2.1954041
1.4853845	0.0070391328	-0.51655095	-2.3070745
1.5003772	0.0074963219	-0.55203169	-2.4258009
1.5167758	0.0081992856	-0.59286586	-2.5536408
1.5355677	0.0093959666	-0.64219561	-2.6945598
1.5535481	0.0089902256	-0.69179873	-2.8201743
1.5696339	0.0080428749	-0.73800272	-2.9215667
1.585758	0.008062054	-0.7858503	-3.0095692
1.6006039	0.0074229381	-0.83105016	-3.0757997
1.6145032	0.006949673	-0.87415497	-3.1227534
1.6277343	0.0066155136	-0.91569287	-3.152222
1.6404838	0.0063747865	-0.9559904	-3.1652747
1.6521268	0.0058214656	-0.99285132	-3.1632064
1.6627259	0.0052995799	-1.0263202	-3.1492584
1.6726034	0.0049387403	-1.0573233	-3.1257118
1.6819576	0.0046771224	-1.0864243	-3.0940017
1.6909227	0.0044825368	-1.1139972	-3.0551093
1.6995965	0.0043368921	-1.1403079	-3.0097391
1.7080551	0.0042293134	-1.1655564	-2.9584108
1.7163613	0.0041530694	-1.1898996	-2.9015096
1.7245694	0.0041040666	-1.2134662	-2.8393144
1.7327296	0.0040800903	-1.2363663	-2.7720125
1.7408905	0.0040804609	-1.2586983	-2.6997034
1.7491025	0.0041059828	-1.2805552	-2.6223932
1.7574208	0.0041591788	-1.3020305	-2.539978
1.7659107	0.0042449266	-1.3232256	-2.4522078
1.7746543	0.0043718338	-1.3442609	-2.3586203
1.7837648	0.0045552391	-1.3652953	-2.2584076
1.7934137	0.0048244559	-1.3865663	-2.1501296
1.803901	0.0052436346	-1.4084919	-2.0309803
1.8158875	0.0059932382	-1.4320169	-1.8943073
1.8318744	0.0079934767	-1.4608511	-1.7137045
1.8432596	0.0056925883	-1.4796412	-1.5878244
1.8536737	0.0052070553	-1.4955886	-1.4756076
1.8641942	0.0052602322	-1.5105297	-1.3657232
1.8738623	0.0048340775	-1.5232583	-1.2682581
1.8830022	0.0045699096	-1.5344405	-1.1795089
1.8917951	0.0043964793	-1.5444473	-1.09743
1.9003471	0.0042759765	-1.5535015	-1.0208337
1.908728	0.0041904807	-1.5617525	-0.94894061
1.9169883	0.0041301301	-1.569308	-0.88119742
1.9251662	0.004088937	-1.5762494	-0.81718887
1.9332922	0.0040630198	-1.5826407	-0.75659033
1.9413917	0.0040497445	-1.588533	-0.69913967
1.9494862	0.0040472651	-1.5939687	-0.64461964
1.9575947	0.0040542598	-1.5989828	-0.59284623
1.9657343	0.0040697711	-1.6036053	-0.5436607
1.9739205	0.0040931042	-1.6078618	-0.49692397
1.982168	0.0041237606	-1.6117743	-0.45251249
1.9904908	0.0041613933	-1.6153622	-0.41031521
1.9989024	0.0042057762	-1.6186423	-0.37023126
2.0074159	0.0042567825	-1.6216296	-0.3321682
2.0160447	0.0043143704	-1.6243373	-0.29604055
2.0248018	0.0043785727	-1.6267771	-0.26176876
2.0337008	0.0044494902	-1.6289595	-0.22927825
2.0427554	0.0045272877	-1.6308936	-0.19849872
2.0519797	0.0046121922	-1.6325877	-0.16936355
2.0613887	0.0047044932	-1.6340491	-0.14180928
2.0709978	0.0048045436	-1.6352842	-0.1157752
2.0808233	0.0049127638	-1.6362986	-0.091203018
2.0908826	0.005029646	-1.637097	-0.068036546
2.1011942	0.0051557603	-1.6376837	-0.046221441
2.1117777	0.0052917637	-1.6380618	-0.025704987
2.1226545	0.0054384094	-1.6382342	-0.0064358975
2.1338476	0.0055965602	-1.6382027	0.011635855
2.145382	0.0057672032	-1.6379685	0.028559193
2.157285	0.005951469	-1.637532	0.044382072
2.1695863	0.0061506542	-1.6368928	0.05915161
2.1823188	0.0063662497	-1.6360497	0.0729142
2.1955187	0.0065999746	-1.6350004	0.085715626
2.2092264	0.0068538188	-1.6337416	0.09760117
2.2234866	0.0071300959	-1.6322689	0.10861572
2.2383496	0.0074315088	-1.6305765	0.11880388
2.253872	0.0077612333	-1.6286571	0.12821008
2.2701181	0.0081230249	-1.6265014	0.13687871
2.2871608	0.0085213566	-1.6240984	0.14485426
2.305084	0.0089615993	-1.6214342	0.1521815
2.3239845	0.009450262	-1.618492	0.15890566
2.3439752	0.0099953163	-1.6152515	0.16507266
2.3651885	0.010606645	-1.6116875	0.17072951
2.3877818	0.011296676	-1.6077692	0.17592463
2.4119444	0.0120813	-1.6034584	0.18070851
2.4379069	0.012981257	-1.5987071	0.18513447
2.4659555	0.01402429	-1.5934543	0.18925985
2.4964529	0.015248691	-1.587621	0.19314781
2.5298718	0.016709471	-1.5811019	0.19687021
2.5668518	0.018489974	-1.5737523	0.20051245
2.6083038	0.020726014	-1.5653626	0.20418259
2.6556305	0.023663338	-1.5556065	0.20803023
2.7112791	0.02782433	-1.5439099	0.2122938
2.7806394	0.034680151	-1.5290053	0.21746079
2.8855722	0.052466359	-1.5057745	0.22539994
2.9652613	0.039844593	-1.4875631	0.23175722
3.0453758	0.040057212	-1.4687276	0.23858682
3.1190415	0.036832886	-1.4509076	0.24534873
3.1890112	0.034984822	-1.433503	0.25227909
3.2565026	0.033745734	-1.4162374	0.25950645
3.3220068	0.032752082	-1.3989949	0.26710467
3.385763	0.031878073	-1.3817149	0.2751304
3.447909	0.031073022	-1.3643581	0.28363594
3.5085381	0.030314539	-1.3468935	0.29267482
3.5677235	0.029592692	-1.3292928	0.30230509
3.6255308	0.028903647	-1.3115269	0.3125918
3.6820245	0.028246885	-1.2935635	0.32360947
3.7372725	0.027623982	-1.2753656	0.33544484
3.7913488	0.027038164	-1.2568896	0.34820044
3.8443375	0.026494339	-1.2380825	0.36199923
3.8963365	0.025999516	-1.2188793	0.37699133
3.9474639	0.025563705	-1.1991973	0.39336378
3.9978671	0.025201594	-1.1789297	0.41135562
4.0477386	0.024935711	-1.1579322	0.4312825
4.097344	0.024802735	-1.1360018	0.45357957
4.1470789	0.024867463	-1.1128338	0.47888386
4.1975957	0.025258353	-1.0879266	0.50821396
4.2470187	0.02471153	-1.0620228	0.54119196
4.2933611	0.023171196	-1.0361465	0.57679434
4.3367627	0.021700822	-1.0103094	0.61513081
4.3774524	0.020344831	-0.98446915	0.65638534
4.4156451	0.019096346	-0.95858113	0.70075399
4.4515383	0.017946578	-0.93260129	0.74844138
4.4853129	0.016887298	-0.90648614	0.79966045
4.5125345	0.013610847	-0.88410136	0.84624018
4.5373336	0.012399513	-0.86254487	0.89347247
4.5623054	0.012485902	-0.8395906	0.94636215
4.5851102	0.011402403	-0.81741261	1.0000259
4.6060861	0.010487955	-0.79587799	1.0545554
4.6255346	0.0097242419	-0.7748404	1.1101354
4.6436817	0.0090735544	-0.75419083	1.166907
4.660702	0.008510134	-0.73384597	1.2249806
4.676734	0.0080160446	-0.71373999	1.284446
4.6918907	0.0075783072	-0.69381943	1.3453786
4.7062651	0.0071872273	-0.67403992	1.4078437
4.7199359	0.0068353731	-0.65436386	1.4718989
4.7329697	0.0065169242	-0.63475885	1.5375963
4.7454242	0.0062272384	-0.61519653	1.6049834
4.7573493	0.0059625555	-0.59565173	1.6741041
4.7687889	0.005719789	-0.57610182	1.7449996
4.7797816	0.0054963761	-0.55652621	1.8177087
4.790362	0.0052901667	-0.53690594	1.8922685
4.8005606	0.0050993412	-0.51722337	1.9687141
4.8104053	0.0049223477	-0.49746192	2.0470795
4.819921	0.0047578529	-0.47760587	2.1273971
4.8291305	0.0046047045	-0.45764013	2.2096986
4.8380543	0.0044619015	-0.43755015	2.2940142
4.8467114	0.0043285697	-0.41732171	2.3803736
4.8551193	0.0042039428	-0.39694087	2.4688052
4.863294	0.0040873466	-0.3763938	2.5593367
4.8712503	0.0039781862	-0.3556667	2.6519947
4.8790022	0.0038759354	-0.33474572	2.7468051
4.8865625	0.003780128	-0.31361684	2.8437927
4.8939432	0.0036903505	-0.29226579	2.9429812
4.9011556	0.0036062361	-0.27067796	3.0443932
4.9082106	0.0035274595	-0.24883831	3.1480501
4.915118	0.0034537329	-0.22673127	3.2539719
4.9218876	0.0033848022	-0.20434063	3.3621769
4.9285285	0.003320444	-0.18164948	3.4726818
4.9350495	0.0032604636	-0.15864004	3.585501
4.9414588	0.0032046923	-0.13529358	3.7006466
4.9477648	0.0031529864	-0.11159027	3.818128
4.9539753	0.0031052253	-0.087509081	3.9379508
4.9600979	0.0030613107	-0.063027573	4.0601172
4.9661402	0.0030211658	-0.038121788	4.1846242
4.9721097	0.0029847344	-0.012766045	4.3114631
4.9780136	0.0029519802	0.013067236	4.4406185
4.9838594	0.0029228861	0.039407735	4.5720662
4.9896543	0.0028974532	0.066287434	4.7057716
4.9954057	0.0028756998	0.093740821	4.8416873
5.001121	0.0028576583	0.12180507	4.9797496
5.0068078	0.0028433725	0.1505202	5.1198749
5.0124736	0.0028328911	0.17992915	5.2619541
5.0181261	0.002826259	0.21007773	5.4058461
5.0237731	0.0028235026	0.24101435	5.5513688
5.0294223	0.0028246082	0.27278944	5.6982881
5.0350813	0.0028294885	0.30545432	5.8463029
5.0407571	0.0028379333	0.33905924	5.9950262
5.0464562	0.0028495393	0.3736503	6.1439621
5.0521835	0.0028636129	0.40926455	6.2924766
5.0579415	0.0028790456	0.44592303	6.4397644
5.0637299	0.0028941721	0.48362094	6.5848148
5.0695432	0.0029066458	0.52231525	6.7263833
5.07537	0.0029134054	0.56191086	6.8629815
5.0811917	0.0029108481	0.60224846	6.9929053
5.0869823	0.0028953304	0.64309964	7.114319
5.0927103	0.002864002	0.68417551	7.2254022
5.0983418	0.002815743	0.72515188	7.3245391
5.1038453	0.0027517399	0.7657067	7.4104951
5.1091959	0.0026753078	0.80555808	7.4825242
5.1143779	0.0025910036	0.84449037	7.5403746
5.1193849	0.0025035038	0.88236251	7.5842089
5.1242185	0.002416759	0.91910145	7.6144842
5.1288857	0.0023336287	0.95468767	7.6318317
5.1333975	0.0022559053	0.98913921	7.6369614
5.1377666	0.0021845309	1.0224979	7.6305971
5.1420063	0.0021198556	1.0548188	7.6134361
5.14613	0.0020618579	1.0861636	7.5861283
5.1501506	0.0020103076	1.1165955	7.5492667
5.1540804	0.0019648748	1.1461769	7.5033853
5.1579308	0.0019251992	1.1749677	7.44896
5.1617126	0.0018909315	1.2030246	7.3864121
5.1654362	0.0018617577	1.2304011	7.3161115
5.169111	0.0018374125	1.2571475	7.2383808
5.1727464	0.0018176878	1.283311	7.1534974
5.1763512	0.0018024378	1.3089364	7.0616962
5.1799344	0.0017915843	1.3340663	6.9631703
5.1835047	0.0017851229	1.358742	6.8580714
5.1870709	0.0017831323	1.3830036	6.7465081
5.1906425	0.0017857882	1.4068913	6.6285428
5.1942293	0.0017933843	1.4304459	6.5041866
5.197842	0.0018063645	1.45371	6.3733908
5.2014927	0.0018253718	1.4767291	6.236034
5.2051954	0.0018513262	1.4995543	6.0919029
5.2089665	0.0018855496	1.5222443	5.9406621
5.2128264	0.0019299787	1.5448703	5.7818065
5.2168015	0.001987544	1.5675228	5.6145822
5.2209273	0.0020628982	1.5903243	5.4378467
5.2252552	0.0021639521	1.6134531	5.2498016
5.2298664	0.0023055642	1.637195	5.0474158
5.2349069	0.0025202728	1.6620765	4.8249481
5.2407093	0.0029012153	1.6893294	4.5688483
5.2486179	0.0039542801	1.7240892	4.2228702
5.2540031	0.002692597	1.7462038	3.9911868
5.2589058	0.0024513512	1.7652613	3.7841286
5.2638513	0.0024727608	1.7834675	3.5797814
5.2683962	0.0022724402	1.7993181	3.3965591
5.2726796	0.0021416907	1.8135041	3.2282963
5.2767835	0.0020519475	1.8264286	3.0714016
5.280756	0.0019862429	1.8383343	2.9237749
5.2846287	0.0019363601	1.8493847	2.7840391
5.2884241	0.0018977296	1.8596973	2.6512196
5.2921592	0.0018675478	1.8693615	2.5245897
5.2958472	0.0018439748	1.8784471	2.4035853
5.2994987	0.0018257423	1.8870104	2.2877555
5.3031226	0.0018119427	1.895098	2.1767302
5.3067264	0.0018019073	1.9027489	2.0701996
5.3103166	0.0017951325	1.9099961	1.9678998
5.3138991	0.001791232	1.9168682	1.8696029
5.3174789	0.0017899054	1.9233903	1.7751089
5.3210607	0.001790917	1.929584	1.6842408
5.3246489	0.0017940808	1.9354689	1.5968404
5.3282474	0.0017992494	1.9410623	1.5127645
5.33186	0.0018063067	1.9463796	1.431883
5.3354903	0.0018151615	1.951435	1.3540765
5.3391418	0.0018257437	1.9562412	1.279235
5.3428178	0.0018380007	1.9608099	1.2072561
5.3465216	0.0018518948	1.9651516	1.1380444
5.3502564	0.0018674017	1.9692762	1.0715103
5.3540254	0.0018845085	1.9731928	1.0075694
5.3578319	0.0019032129	1.9769096	0.94614176
5.3616789	0.0019235224	1.9804345	0.88715158
5.3655698	0.0019454535	1.9837747	0.83052644
5.3695079	0.0019690316	1.9869369	0.77619713
5.3734965	0.0019942904	1.9899275	0.72409723
5.377539	0.0020212721	1.9927523	0.67416283
5.3816391	0.0020500273	1.995417	0.62633231
5.3858003	0.002080615	1.9979266	0.58054606
5.3900265	0.0021131035	2.0002861	0.53674635
5.3943216	0.00214757	2.0025002	0.49487708
5.3986898	0.0021841017	2.0045732	0.45488371
5.4031354	0.002222796	2.0065092	0.41671306
5.407663	0.0022637617	2.0083121	0.38031324
5.4122772	0.0023071198	2.0099856	0.3456335
5.4169832	0.0023530042	2.0115331	0.31262417
5.4217863	0.0024015635	2.0129579	0.28123652
5.4266923	0.0024529623	2.0142631	0.25142277
5.431707	0.0025073827	2.0154517	0.22313593
5.4368371	0.0025650266	2.0165263	0.19632978
5.4420893	0.0026261176	2.0174895	0.17095881
5.4474711	0.0026909042	2.0183437	0.14697817
5.4529904	0.0027596624	2.0190911	0.1243436
5.4586558	0.0028326995	2.0197338	0.10301141
5.4644766	0.0029103585	2.0202737	0.082938442
5.4704626	0.0029930227	2.0207124	0.064082002
5.4766248	0.0030811218	2.0210515	0.046399861
5.4829751	0.0031751389	2.0212923	0.029850209
5.4895264	0.0032756182	2.0214359	0.014391626
5.4962927	0.0033831752	2.0214833	-1.6938032e-05
5.5032897	0.003498508	2.021435	-0.01341619
5.5105345	0.0036224117	2.0212915	-0.025846517
5.5180461	0.0037557951	2.0210529	-0.037348003
5.5258455	0.0038997013	2.0207189	-0.047960451
5.5339562	0.0040553334	2.0202891	-0.057723399
5.5424044	0.0042240854	2.0197624	-0.066676134
5.5512195	0.0044075808	2.0191373	-0.074857713
5.560435	0.004607722	2.0184119	-0.082306972
5.5700885	0.0048267506	2.0175835	-0.089062541
5.5802231	0.0050673261	2.0166488	-0.095162863
5.5908884	0.0053326263	2.0156034	-0.1006462
5.6021413	0.0056264778	2.0144421	-0.10555066
5.6140484	0.005953528	2.0131581	-0.10991421
5.6266873	0.0063194735	2.0117433	-0.1137747
5.6401501	0.0067313693	2.0101876	-0.11716986
5.6545462	0.0071980521	2.0084783	-0.12013741
5.6700077	0.007730731	2.0065998	-0.12271501
5.6866953	0.0083438266	2.0045323	-0.12494043
5.7048077	0.0090561905	2.0022509	-0.12685156
5.7245935	0.0098929196	1.9997238	-0.12848662
5.7463698	0.010888137	1.9969097	-0.12988436
5.7705486	0.012089397	1.9937537	-0.13108443
5.7976785	0.013564964	1.9901823	-0.13212795
5.8285115	0.015416468	1.9860932	-0.13305853
5.8641163	0.017802433	1.9813394	-0.13392401
5.9060889	0.020986264	1.9756996	-0.13477997
5.9569852	0.025448196	1.9688158	-0.13569708
6.0214028	0.032208773	1.9600392	-0.13678025
6.1098093	0.044203246	1.9478825	-0.13823753
6.250519	0.070354859	1.9282659	-0.14061505
6.3691888	0.059334908	1.9114567	-0.14270826
6.4877141	0.059262664	1.8944142	-0.14489912
6.6031377	0.05771177	1.8775621	-0.14713751
6.7164299	0.056646096	1.8607638	-0.14944427
6.8280065	0.055788304	1.8439581	-0.15183145
6.937883	0.054938248	1.8271415	-0.15430375
7.0460212	0.054069104	1.810319	-0.15686499
7.152395	0.053186931	1.7934936	-0.15951942
7.2569864	0.052295665	1.7766675	-0.16227174
7.3597805	0.051397039	1.7598424	-0.16512703
7.4607651	0.050492314	1.7430198	-0.16809071
7.5599305	0.049582696	1.7262008	-0.17116862
7.6572692	0.048669373	1.7093863	-0.17436704
7.7527762	0.047753508	1.6925767	-0.17769275
7.8464487	0.046836241	1.6757724	-0.18115305
7.9382861	0.04591869	1.658973	-0.18475582
8.02829	0.045001952	1.6421782	-0.1885096
8.1164642	0.044087106	1.6253868	-0.19242362
8.2028147	0.043175217	1.6085976	-0.19650792
8.2873493	0.042267338	1.5918087	-0.2007734
8.3700783	0.04136451	1.5750178	-0.20523191
8.4510139	0.040467772	1.5582218	-0.2098964
8.5301702	0.039578158	1.5414174	-0.21478101
8.6075636	0.038696704	1.5246003	-0.21990123
8.6832125	0.037824456	1.5077655	-0.22527407
8.7571375	0.036962468	1.4909075	-0.23091825
8.8293611	0.036111817	1.4740195	-0.2368544
8.8999083	0.035273606	1.4570939	-0.2431054
8.9688063	0.034448978	1.4401219	-0.24969659
9.0360845	0.033639127	1.4230934	-0.25665625
9.1017752	0.032845316	1.4059968	-0.26401596
9.1659129	0.032068899	1.3888186	-0.27181121
9.2285356	0.03131135	1.3715437	-0.28008202
9.2896843	0.030574303	1.3541541	-0.28887378
9.3494035	0.029859606	1.3366294	-0.29823827
9.4077423	0.029169391	1.3189456	-0.30823497
9.4647546	0.028506178	1.3010745	-0.31893271
9.5205007	0.027873024	1.2829829	-0.33041189
9.5750481	0.027273732	1.264631	-0.34276741
9.6284745	0.026713181	1.2459706	-0.35611268
9.6808701	0.026197826	1.2269424	-0.37058529
9.7323431	0.025736505	1.2074721	-0.38635526
9.7830268	0.025341819	1.1874642	-0.40363753
9.8330919	0.025032575	1.1667921	-0.42271184
9.8827689	0.0248385	1.1452809	-0.4439564
9.9323892	0.024810135	1.1226758	-0.46790983
9.982474	0.025042418	1.098575	-0.49539846
10.033191	0.025358431	1.0726689	-0.52732585
10.080811	0.023809886	1.0467644	-0.56185662
10.125392	0.022290828	1.0209155	-0.59904971
10.167168	0.020888026	0.99508192	-0.63908286
10.206361	0.019596481	0.96921888	-0.68214856
10.243176	0.018407223	0.94328202	-0.728448
10.277799	0.017311749	0.91722763	-0.7781907
10.306353	0.014276862	0.89436381	-0.82457579
10.332216	0.012931259	0.87244768	-0.87148335
10.355899	0.011841774	0.85125762	-0.91914381
10.379723	0.011911814	0.82874367	-0.97229258
10.401595	0.010936301	0.80690054	-1.0263457
10.421798	0.010101449	0.78562266	-1.0813642
10.440591	0.0093964412	0.764785	-1.1375065
10.458173	0.0087907155	0.74429236	-1.1948972
10.474698	0.0082627961	0.72407069	-1.2536354
10.490293	0.0077974189	0.70406066	-1.3138035
10.50506	0.0073833569	0.68421358	-1.3754715
10.519084	0.0070121131	0.66448857	-1.4387009
10.532438	0.0066771023	0.64485074	-1.5035462
10.545184	0.0063731195	0.62526975	-1.5700571
10.557376	0.006095981	0.6057189	-1.6382795
10.569061	0.005842275	0.58617432	-1.7082558
10.580279	0.005609185	0.56661441	-1.780026
10.591068	0.0053943601	0.54701942	-1.853628
10.60146	0.0051958196	0.52737107	-1.9290978
10.611483	0.0050118803	0.50765227	-2.0064701
10.621166	0.0048411016	0.48784687	-2.0857781
10.63053	0.0046822424	0.46793948	-2.1670538
10.639598	0.004534227	0.44791529	-2.2503282
10.648391	0.0043961184	0.42775993	-2.3356311
10.656925	0.0042670972	0.40745933	-2.4229918
10.665218	0.0041464432	0.38699961	-2.5124382
10.673285	0.0040335223	0.36636697	-2.6039975
10.68114	0.003927774	0.3455476	-2.697696
10.688798	0.0038287023	0.32452758	-2.7935591
10.69627	0.0037358673	0.30329277	-2.8916109
10.703567	0.0036488789	0.28182876	-2.9918748
10.710702	0.0035673909	0.26012074	-3.0943728
10.717684	0.0034910967	0.23815342	-3.1991255
10.724524	0.0034197253	0.21591093	-3.3061521
10.73123	0.0033530378	0.19337675	-3.4154704
10.737811	0.003290825	0.17053354	-3.5270957
10.744277	0.003232905	0.14736309	-3.6410416
10.750635	0.0031791214	0.12384615	-3.7573188
10.756894	0.0031293419	0.099962322	-3.875935
10.763061	0.0030834568	0.075689916	-3.9968942
10.769144	0.0030413784	0.051005779	-4.1201962
10.77515	0.0030030399	0.025885138	-4.2458354
10.781087	0.0029683948	0.00030141595	-4.3738
10.786962	0.0029374163	-0.025773961	-4.5040705
10.792782	0.0029100962	-0.052371763	-4.6366179
10.798555	0.0028864442	-0.079525163	-4.7714019
10.804288	0.0028664858	-0.10726993	-4.9083675
10.809988	0.0028502594	-0.1356446	-5.047442
10.815664	0.0028378122	-0.16469061	-5.1885301
10.821322	0.0028291924	-0.1944523	-5.3315082
10.826971	0.0028244381	-0.22497679	-5.4762166
10.832618	0.0028235596	-0.25631358	-5.6224495
10.838271	0.0028265126	-0.28851371	-5.7699424
10.843937	0.0028331575	-0.32162829	-5.9183551
10.849624	0.0028432008	-0.35570604	-6.0672513
10.855336	0.0028561124	-0.39078939	-6.2160718
10.861078	0.0028710144	-0.42690867	-6.3641039
10.866851	0.0028865464	-0.4640738	-6.510447
10.872653	0.0029007249	-0.50226311	-6.6539798
10.878474	0.0029108511	-0.54141006	-6.7933387
10.884301	0.0029135616	-0.58138963	-6.9269243
10.890112	0.0029051486	-0.62200891	-7.0529541
10.895876	0.0028822339	-0.66300807	-7.1695781
10.901562	0.0028426993	-0.704077	-7.2750506
10.907135	0.0027865126	-0.74488751	-7.3679216
10.912567	0.0027159657	-0.78513277	-7.4471864
10.917837	0.0026351152	-0.82456081	-7.5123437
10.922934	0.002548708	-0.86299218	-7.5633565
10.927857	0.0024611452	-0.90032028	-7.6005459
10.932608	0.0023758656	-0.93650005	-7.6244672
10.937199	0.0022951919	-0.97153209	-7.6357998
10.94164	0.0022204717	-1.0054475	-7.6352668
10.945944	0.0021523293	-1.0382955	-7.6235829
10.950126	0.0020909106	-1.0701353	-7.6014242
10.954198	0.002036076	-1.1010295	-7.5694135
10.958173	0.0019875363	-1.1310414	-7.5281154
10.962063	0.0019449401	-1.1602321	-7.4780352
10.965879	0.0019079286	-1.1886602	-7.4196221
10.969631	0.0018761672	-1.2163807	-7.3532719
10.97333	0.0018493644	-1.2434456	-7.2793311
10.976985	0.0018272819	-1.2699037	-7.1981002
10.980604	0.001809741	-1.2958008	-7.1098358
10.984197	0.0017966282	-1.3211807	-7.0147523
10.987773	0.0017879	-1.3460853	-6.913023
10.99134	0.001783591	-1.3705552	-6.8047788
10.994908	0.0017838247	-1.3946305	-6.6901065
10.998486	0.001788831	-1.4183515	-6.5690445
11.002084	0.0017989714	-1.4417598	-6.4415761
11.005713	0.0018147789	-1.4648991	-6.3076193
11.009387	0.0018370186	-1.4878174	-6.1670111
11.013121	0.0018667858	-1.5105691	-6.0194836
11.016932	0.0019056661	-1.5332182	-5.8646266
11.020844	0.0019560153	-1.5558441	-5.7018271
11.024887	0.0020214744	-1.5785509	-5.5301657
11.029103	0.002108001	-1.6014839	-5.348228
11.033555	0.0022261739	-1.6248642	-5.1537223
11.03835	0.0023972063	-1.6490679	-4.942595
11.043696	0.0026728832	-1.6748588	-4.7064656
11.050173	0.0032385579	-1.7044182	-4.42136
11.055664	0.0027454842	-1.728037	-4.1821829
11.06101	0.0026731808	-1.7497807	-3.952854
11.065838	0.0024137547	-1.7683703	-3.7496924
11.070701	0.0024316104	-1.7861162	-3.5495145
11.075196	0.0022476924	-1.8016643	-3.3690154
11.079447	0.0021253327	-1.8156291	-3.2027409
11.083527	0.0020402072	-1.8283786	-3.0474307
11.087482	0.0019774288	-1.8401393	-2.9011334
11.091341	0.0019295744	-1.8510658	-2.7625509
11.095126	0.0018924384	-1.8612703	-2.6307558
11.098853	0.0018634086	-1.8708385	-2.5050516
11.102534	0.0018407554	-1.8798379	-2.384895
11.106181	0.0018232787	-1.888323	-2.2698495
11.109801	0.0018101152	-1.8963389	-2.1595558
11.113403	0.0018006267	-1.9039237	-2.0537122
11.116991	0.0017943306	-1.9111097	-1.9520612
11.120573	0.0017908561	-1.9179248	-1.8543796
11.124153	0.0017899144	-1.9243934	-1.7604715
11.127735	0.0017912784	-1.930537	-1.6701631
11.131325	0.0017947689	-1.9363746	-1.5832986
11.134925	0.0018002438	-1.9419232	-1.4997373
11.138541	0.0018075914	-1.9471981	-1.4193509
11.142174	0.0018167242	-1.9522132	-1.3420214
11.145829	0.0018275749	-1.956981	-1.2676401
11.149509	0.0018400935	-1.961513	-1.196106
11.153218	0.0018542445	-1.9658197	-1.1273244
11.156958	0.0018700055	-1.9699107	-1.0612067
11.160733	0.0018873654	-1.9737951	-0.99766934
11.164545	0.0019063234	-1.977481	-0.93663297
11.168399	0.0019268885	-1.9809762	-0.87802232
11.172297	0.0019490788	-1.9842877	-0.82176554
11.176243	0.0019729207	-1.9874224	-0.76779389
11.18024	0.0019984495	-1.9903863	-0.71604135
11.184291	0.0020257087	-1.9931854	-0.66644441
11.188401	0.0020547501	-1.9958251	-0.61894177
11.192572	0.0020856343	-1.9983106	-0.57347414
11.196809	0.0021184308	-2.0006468	-0.52998404
11.201115	0.0021532185	-2.0028382	-0.48841565
11.205496	0.0021900861	-2.0048892	-0.44871463
11.209954	0.0022291328	-2.0068039	-0.41082804
11.214495	0.0022704692	-2.008586	-0.37470416
11.219123	0.0023142183	-2.0102393	-0.34029242
11.223844	0.0023605163	-2.0117672	-0.30754329
11.228663	0.0024095142	-2.0131728	-0.27640823
11.233586	0.0024613792	-2.0144594	-0.24683956
11.238619	0.0025162964	-2.0156297	-0.21879042
11.243767	0.002574471	-2.0166865	-0.19221472
11.24904	0.0026361305	-2.0176323	-0.16706706
11.254443	0.0027015273	-2.0184694	-0.14330266
11.259985	0.0027709421	-2.0192001	-0.12087738
11.265674	0.0028446878	-2.0198264	-0.09974761
11.27152	0.0029231133	-2.0203501	-0.079870258
11.277534	0.0030066088	-2.020773	-0.061202714
11.283725	0.0030956121	-2.0210964	-0.043702816
11.290106	0.0031906152	-2.0213217	-0.027328817
11.29669	0.003292173	-2.0214501	-0.012039359
11.303492	0.0034009133	-2.0214822	0.0022065532
11.310527	0.0035175487	-2.0214188	0.015449575
11.317813	0.0036428908	-2.0212602	0.027730042
11.325369	0.0037778683	-2.0210065	0.039087996
11.333216	0.003923548	-2.0206575	0.049563193
11.341378	0.0040811608	-2.0202123	0.059195133
11.349882	0.0042521343	-2.0196701	0.068023065
11.358759	0.0044381328	-2.0190293	0.076086009
11.368041	0.0046411077	-2.0182878	0.083422768
11.377768	0.0048633614	-2.0174428	0.090071941
11.387983	0.0051076281	-2.0164908	0.096071942
11.398737	0.0053771788	-2.0154275	0.10146101
11.410089	0.0056759574	-2.0142472	0.10627723
11.422107	0.0060087605	-2.0129431	0.11055853
11.43487	0.0063814771	-2.0115067	0.11434276
11.448472	0.0068014126	-2.0099276	0.11766765
11.463028	0.0072777351	-2.0081926	0.12057089
11.478672	0.0078220987	-2.0062855	0.12309016
11.495571	0.0084495327	-2.004186	0.12526324
11.513931	0.0091797379	-2.001868	0.12712806
11.534009	0.010039024	-1.9992985	0.12872291
11.556135	0.011063294	-1.9964342	0.13008666
11.580741	0.0123028	-1.9932179	0.13125913
11.608401	0.013830058	-1.9895722	0.13228176
11.639909	0.01575374	-1.985389	0.13319868
11.676398	0.018244838	-1.9805121	0.13405868
11.71958	0.021590967	-1.9747039	0.13491906
11.772233	0.026326576	-1.9675748	0.13585413
11.839487	0.033626751	-1.9583999	0.13697796
11.933771	0.047142353	-1.9454118	0.1385336
12.068508	0.067368181	-1.9265941	0.14082007
12.186937	0.059214537	-1.9097944	0.14291872
12.305271	0.059166803	-1.8927541	0.14511634
12.42053	0.057629622	-1.8759006	0.14736225
12.533659	0.056564451	-1.8591006	0.14967691
12.645067	0.055704217	-1.8422939	0.15207232
12.754772	0.054852429	-1.8254767	0.15455322
12.862736	0.053982154	-1.8086538	0.15712347
12.968934	0.053099078	-1.7918283	0.15978738
13.073349	0.052207034	-1.7750022	0.16254966
13.175964	0.051307749	-1.7581773	0.16541542
13.276769	0.050402486	-1.741355	0.16839014
13.375754	0.049492449	-1.7245364	0.17147969
13.472912	0.048578822	-1.7077224	0.1746904
13.568237	0.047662768	-1.6909133	0.1780291
13.661728	0.046745424	-1.6741095	0.18150313
13.753384	0.045827905	-1.6573106	0.18512046
13.843206	0.044911306	-1.6405162	0.18888967
13.9312	0.043996706	-1.6237251	0.19282009
14.01737	0.043085167	-1.606936	0.19692182
14.101726	0.042177741	-1.590147	0.20120585
14.184276	0.04127547	-1.5733557	0.20568416
14.265035	0.04037939	-1.5565591	0.21036978
14.344016	0.039490538	-1.5397536	0.21527699
14.421236	0.038609949	-1.522935	0.22042143
14.496714	0.037738668	-1.5060982	0.22582027
14.570469	0.036877754	-1.4892375	0.23149238
14.642526	0.036028284	-1.4723462	0.23745865
14.712908	0.035191366	-1.4554164	0.24374213
14.781645	0.034368147	-1.4384393	0.25036849
14.848764	0.033559826	-1.4214046	0.25736627
14.9143	0.032767674	-1.4043005	0.26476744
14.978286	0.031993056	-1.3871135	0.27260789
15.040761	0.03123746	-1.369828	0.28092814
15.101766	0.03050254	-1.352426	0.28977416
15.161346	0.029790165	-1.3348867	0.29919843
15.219551	0.029102502	-1.3171857	0.30926127
15.276435	0.028442118	-1.2992944	0.32003256
15.33206	0.027812131	-1.2811789	0.33159398
15.386492	0.027216435	-1.2627988	0.34404205
15.439813	0.026660038	-1.2441048	0.35749231
15.492112	0.026149588	-1.2250365	0.37208512
15.5435	0.025694223	-1.2055177	0.38799431
15.594114	0.025307023	-1.1854503	0.40544018
15.644129	0.025007614	-1.1647039	0.42471041
15.693784	0.024827213	-1.1430975	0.44619566
15.743423	0.024819347	-1.1203656	0.47045573
15.793594	0.02508577	-1.0960855	0.49835732
15.844004	0.025204979	-1.0701811	0.53052662
15.891322	0.023658739	-1.0442839	0.5653049
15.935624	0.022151224	-1.0184384	0.60276219
15.977143	0.020759505	-0.99260398	0.64307763
16.016099	0.019478154	-0.96673577	0.68644456
16.052696	0.018298247	-0.94078953	0.73306495
16.087118	0.017211343	-0.9147216	0.78314913
16.115345	0.014113501	-0.89197889	0.82956364
16.140954	0.012804061	-0.87014963	0.87654207
16.166763	0.01290451	-0.84686465	0.92931134
16.190237	0.011737115	-0.82443874	0.98275206
16.211762	0.010762369	-0.80271586	1.0369824
16.231672	0.0099550458	-0.78153245	1.0922086
16.250215	0.0092714423	-0.76076869	1.1485852
16.267579	0.0086823228	-0.7403341	1.2062312
16.283915	0.0081676337	-0.72015792	1.2652419
16.299341	0.0077130332	-0.70018318	1.325697
16.313956	0.0073079095	-0.68036287	1.3876646
16.327845	0.0069441909	-0.66065741	1.4512046
16.341076	0.0066155964	-0.6410329	1.5163707
16.35371	0.0063171439	-0.62145978	1.5832115
16.3658	0.0060448168	-0.60191194	1.6517723
16.377391	0.0057953316	-0.582366	1.722095
16.388522	0.0055659712	-0.56280075	1.7942191
16.399231	0.0053544637	-0.54319676	1.8681821
16.409549	0.0051588911	-0.52353599	1.9440199
16.419504	0.0049776217	-0.50380156	2.0217668
16.429123	0.0048092567	-0.48397748	2.1014556
16.438428	0.0046525895	-0.46404848	2.1831182
16.447441	0.0045065735	-0.44399985	2.2667854
16.456182	0.0043702961	-0.42381729	2.352487
16.464668	0.0042429584	-0.40348678	2.4402518
16.472916	0.0041238581	-0.38299445	2.5301076
16.48094	0.0040123762	-0.36232652	2.6220817
16.488756	0.0039079656	-0.34146916	2.7161999
16.496376	0.0038101417	-0.32040841	2.8124874
16.503813	0.0037184747	-0.2991301	2.9109684
16.511079	0.0036325836	-0.27761973	3.0116658
16.518183	0.0035521303	-0.25586241	3.1146014
16.525136	0.0034768153	-0.23384275	3.2197956
16.531949	0.003406374	-0.21154476	3.3272674
16.53863	0.0033405737	-0.18895176	3.4370338
16.545189	0.0032792106	-0.16604627	3.5491103
16.551633	0.0032221079	-0.14280986	3.6635096
16.557971	0.0031691139	-0.11922309	3.7802419
16.564211	0.0031201009	-0.095265311	3.8993143
16.570361	0.0030749636	-0.070914564	4.0207301
16.576429	0.0030336184	-0.046147392	4.1444879
16.582421	0.0029960023	-0.020938687	4.2705813
16.588345	0.002962073	0.0047385022	4.3989968
16.594208	0.0029318072	0.030913162	4.5297135
16.600019	0.0029052004	0.057616514	4.6627002
16.605783	0.0028822654	0.084882223	4.7979139
16.611509	0.0028630306	0.11274658	4.9352967
16.617204	0.0028475366	0.14124869	5.0747717
16.622876	0.0028358312	0.17043055	5.2162387
16.628532	0.002827962	0.20033705	5.3595677
16.63418	0.0028239631	0.23101583	5.5045908
16.639828	0.0028238368	0.26251677	5.651092
16.645483	0.0028275238	0.29489105	5.7987934
16.651152	0.0028348597	0.32818957	5.947338
16.656843	0.0028455124	0.36246016	6.0962676
16.662561	0.0028588937	0.39774343	6.2449958
16.668309	0.0028740427	0.43406648	6.392776
16.674088	0.0028894882	0.47143401	6.538667
16.679894	0.0029031116	0.50981673	6.6815013
16.685719	0.0029120744	0.54913771	6.8198679
16.691544	0.0029129103	0.58925921	6.9521256
16.697348	0.0029019119	0.62997478	7.0764677
16.7031	0.0028758699	0.67101295	7.1910496
16.708766	0.0028330199	0.71205717	7.2941689
16.714314	0.0027737885	0.75278031	7.3844527
16.719715	0.0027008783	0.79288401	7.460993
16.724953	0.0026185711	0.83212961	7.5233851
16.730016	0.0025316182	0.8703523	7.5716708
16.734904	0.0024442657	0.90745859	7.6062269
16.739624	0.0023597348	0.94341358	7.6276403
16.744184	0.0022801414	0.97822493	7.6366045
16.748597	0.0022066718	1.0119281	7.6338442
16.752877	0.002139839	1.044575	7.6200683
16.757037	0.00207972	1.0762256	7.5959434
16.761089	0.0020261373	1.106943	7.5620812
16.765046	0.0019787837	1.1367902	7.5190345
16.768921	0.0019373032	1.1658279	7.4672976
16.772724	0.0019013394	1.1941139	7.4073088
16.776465	0.0018705653	1.2217027	7.3394543
16.780154	0.0018446989	1.2486457	7.2640713
16.783801	0.0018235131	1.2749909	7.1814515
16.787415	0.0018068417	1.300784	7.0918432
16.791004	0.0017945841	1.3260681	6.9954529
16.794577	0.0017867114	1.3508848	6.8924456
16.798144	0.0017832745	1.3752747	6.7829438
16.801713	0.0017844162	1.3992778	6.6670254
16.805294	0.0017903896	1.4229346	6.5447186
16.808897	0.0018015859	1.4462869	6.415995
16.812534	0.0018185777	1.4693793	6.2807582
16.816218	0.0018421854	1.4922606	6.1388269
16.819966	0.0018735842	1.5149869	5.9899091
16.823794	0.0019144831	1.5376246	5.8335608
16.827729	0.001967437	1.5602572	5.6691191
16.831802	0.002036433	1.5829949	5.4955871
16.836058	0.0021280848	1.6059945	5.3114185
16.840567	0.0022543722	1.6294985	5.1140739
16.845447	0.0024400652	1.6539316	4.8989542
16.850945	0.0027489622	1.680198	4.6561231
16.857825	0.0034399247	1.7111891	4.3538376
16.863283	0.0027291843	1.7343052	4.1169796
16.868466	0.0025912547	1.7550657	3.8957676
16.87319	0.0023618866	1.772999	3.6980714
16.877941	0.0023755804	1.7901046	3.5036728
16.882366	0.0022128251	1.8052173	3.3270875
16.88657	0.002101779	1.8188573	3.1637359
16.890616	0.0020231109	1.8313468	3.0107841
16.894545	0.0019645129	1.8428907	2.8664811
16.898384	0.0019195972	1.853631	2.729638
16.902154	0.0018846483	1.8636724	2.5993939
16.905868	0.0018573174	1.8730954	2.4750954
16.90954	0.0018360291	1.8819641	2.356229
16.91318	0.0018196797	1.8903302	2.2423793
16.916795	0.0018074694	1.8982372	2.1332028
16.920392	0.0017988034	1.9057214	2.0284096
16.923979	0.0017932299	1.912814	1.9277513
16.92756	0.0017904005	1.919542	1.8310121
16.93114	0.0017900431	1.925929	1.7380019
16.934724	0.0017919435	1.9319959	1.6485518
16.938315	0.0017959324	1.9377612	1.5625097
16.941919	0.0018018758	1.9432413	1.4797383
16.945539	0.0018096684	1.9484513	1.4001119
16.949177	0.0018192279	1.9534046	1.3235151
16.952838	0.0018304916	1.9581136	1.249841
16.956525	0.0018434132	1.9625894	1.1789902
16.960241	0.0018579606	1.9668424	1.1108698
16.963989	0.0018741142	1.9708819	1.0453924
16.967773	0.0018918656	1.9747169	0.98247538
16.971595	0.0019112165	1.9783554	0.9220406
16.97546	0.0019321781	1.9818049	0.86401362
16.979369	0.0019547705	1.9850724	0.80832338
16.983327	0.0019790225	1.9881647	0.75490184
16.987337	0.0020049712	1.9910876	0.70368362
16.991402	0.0020326622	1.9938471	0.65460577
16.995527	0.0020621495	1.9964486	0.60760751
16.999714	0.0020934958	1.9988971	0.56263
17.003967	0.0021267729	2.0011973	0.51961619
17.008291	0.002162062	2.003354	0.47851063
17.01269	0.0021994542	2.0053712	0.43925934
17.017168	0.0022390517	2.007253	0.40180969
17.02173	0.0022809678	2.0090032	0.36611024
17.026381	0.0023253287	2.0106254	0.3321107
17.031125	0.0023722741	2.012123	0.29976179
17.035969	0.0024219589	2.0134992	0.26901517
17.040918	0.0024745544	2.014757	0.23982337
17.045979	0.0025302505	2.0158992	0.21213975
17.051158	0.0025892576	2.0169286	0.18591836
17.056461	0.002651809	2.0178475	0.16111398
17.061897	0.0027181638	2.0186583	0.13768198
17.067475	0.0027886103	2.0193633	0.11557836
17.073202	0.0028634696	2.0199642	0.094759641
17.079088	0.0029431004	2.0204631	0.075182846
17.085144	0.0030279039	2.0208614	0.056805482
17.09138	0.0031183305	2.0211607	0.039585491
17.09781	0.0032148868	2.0213621	0.023481223
17.104446	0.0033181446	2.0214668	0.0084514113
17.111304	0.0034287512	2.0214755	-0.005544853
17.118399	0.003547442	2.0213887	-0.018548145
17.125749	0.0036750558	2.0212068	-0.030598728
17.133374	0.0038125528	2.0209298	-0.04173657
17.141296	0.0039610375	2.0205572	-0.052001365
17.14954	0.0041217858	2.0200884	-0.061432547
17.158132	0.0042962791	2.0195222	-0.07006931
17.167105	0.0044862472	2.0188569	-0.077950618
17.176492	0.004693721	2.0180903	-0.085115224
17.186334	0.0049211004	2.0172194	-0.09160168
17.196677	0.0051712405	2.0162406	-0.097448354
17.207572	0.0054475633	2.0151491	-0.10269345
17.21908	0.0057542031	2.0139392	-0.107375
17.231273	0.0060961995	2.0126035	-0.11153093
17.244232	0.0064797547	2.0111332	-0.11519905
17.258057	0.006912584	2.0095171	-0.11841706
17.272866	0.0074043989	2.0077416	-0.12122267
17.288801	0.007967586	2.0057894	-0.12365356
17.306038	0.0086181803	2.003639	-0.12574753
17.324792	0.0093772923	2.0012627	-0.1275426
17.345339	0.010273255	1.9986254	-0.12907716
17.368029	0.011344959	1.9956807	-0.13039028
17.393323	0.012647216	1.9923673	-0.13152209
17.421843	0.014259798	1.9886013	-0.13251459
17.45445	0.016303539	1.9842648	-0.1334128
17.492392	0.018971309	1.9791858	-0.13426713
17.537581	0.022594254	1.9730981	-0.13513799
17.593197	0.027808149	1.9655547	-0.13610633
17.665394	0.036098371	1.9556847	-0.13730399
17.771037	0.052821712	1.9410875	-0.13905353
17.900642	0.064802181	1.9229235	-0.14127304
18.030036	0.064696918	1.9044957	-0.14359575
18.147624	0.058794275	1.8874822	-0.14581132
18.261408	0.056891823	1.8707651	-0.14806161
18.373788	0.056190338	1.8539965	-0.15039574
18.484668	0.055439693	1.8371885	-0.15281638
18.593854	0.054593132	1.8203682	-0.15532415
18.701287	0.053716343	1.8035438	-0.15792243
18.806945	0.052829234	1.7867178	-0.1606157
18.910815	0.051934632	1.769892	-0.16340886
19.012881	0.051033379	1.7530677	-0.16630712
19.113134	0.050126539	1.7362464	-0.16931607
19.211565	0.049215288	1.7194292	-0.17244173
19.308167	0.048300803	1.7026166	-0.17569057
19.402935	0.047384238	1.6858091	-0.17906957
19.495869	0.046466723	1.6690068	-0.18258625
19.586967	0.045549369	1.6522094	-0.18624877
19.676234	0.044633264	1.6354161	-0.19006592
19.763673	0.043719481	1.6186258	-0.19404726
19.849291	0.042809081	1.601837	-0.19820316
19.933097	0.041903111	1.5850476	-0.20254488
20.015102	0.041002611	1.568255	-0.20708472
20.09532	0.040108617	1.5514561	-0.21183607
20.173764	0.039222164	1.5346471	-0.21681362
20.250452	0.038344291	1.5178235	-0.22203343
20.325405	0.037476047	1.5009801	-0.22751318
20.398642	0.036618493	1.4841109	-0.23327234
20.470187	0.035772717	1.4672087	-0.23933239
20.540067	0.034939836	1.4502656	-0.24571718
20.608309	0.034121012	1.4332721	-0.25245318
20.674944	0.033317464	1.4162176	-0.25956993
20.740005	0.032530488	1.3990899	-0.26710052
20.803528	0.031761483	1.3818747	-0.27508218
20.865552	0.031011983	1.3645559	-0.28355698
20.926119	0.030283701	1.3471146	-0.29257275
20.985276	0.029578587	1.3295289	-0.30218419
21.043074	0.028898916	1.3117733	-0.31245431
21.099569	0.028247403	1.2938178	-0.32345632
21.154823	0.027627376	1.2756266	-0.33527605
21.20891	0.027043023	1.2571568	-0.34801528
21.261909	0.026499785	1.2383561	-0.36179637
21.313919	0.026004953	1.2191599	-0.37676879
21.365056	0.025568673	1.1994861	-0.39311881
21.415468	0.025205659	1.1792281	-0.4110845
21.465344	0.024938356	1.1582427	-0.43098008
21.514951	0.024803208	1.1363278	-0.45323848
21.56468	0.024864458	1.1131808	-0.47849284
21.615178	0.025249174	1.088304	-0.50775399
21.664646	0.02473394	1.0624004	-0.54069386
21.711033	0.023193422	1.0365232	-0.57625754
21.754476	0.021721374	1.0106859	-0.6145528
21.795203	0.020363763	0.98484595	-0.65576335
21.833431	0.019113785	0.95895895	-0.70008512
21.869356	0.017962645	0.93298074	-0.7477226
21.90316	0.016902106	0.90686787	-0.79888862
21.930427	0.013633422	0.88446714	-0.84545982
21.955263	0.012417776	0.86289844	-0.89267966
21.980272	0.012504757	0.83992944	-0.94556271
22.003107	0.011417574	0.81774032	-0.9992154
22.024108	0.010500451	0.79619723	-1.0537304
22.043578	0.0097347871	0.77515306	-1.1092935
22.061743	0.0090826186	0.75449833	-1.1660463
22.078779	0.0085180366	0.73414942	-1.2240997
22.094825	0.0080230128	0.71404026	-1.2835436
22.109994	0.0075845083	0.69411727	-1.3444537
22.12438	0.007192788	0.67433593	-1.4068953
22.13806	0.0068403917	0.65465856	-1.4709263
22.151103	0.0065214785	0.6350527	-1.5365987
22.163566	0.0062313908	0.61548993	-1.6039601
22.175499	0.0059663571	0.59594503	-1.6730545
22.186945	0.0057232819	0.57639536	-1.7439231
22.197945	0.0054995954	0.55682027	-1.8166048
22.208531	0.0052931421	0.5372008	-1.8911365
22.218735	0.005102098	0.51751928	-1.9675536
22.228585	0.0049249073	0.49775914	-2.0458899
22.238105	0.0047602338	0.47790461	-2.126178
22.247319	0.004606923	0.45794063	-2.2084495
22.256247	0.0044639716	0.43785261	-2.2927347
22.264908	0.0043305036	0.41762636	-2.3790632
22.27332	0.0042057513	0.3972479	-2.4674635
22.281498	0.0040890392	0.37670342	-2.5579633
22.289457	0.0039797713	0.35597912	-2.6505892
22.297212	0.0038774204	0.33506115	-2.7453672
22.304775	0.0037815195	0.31393549	-2.8423219
22.312158	0.0036916544	0.29258788	-2.9414772
22.319373	0.0036074575	0.27100371	-3.0428557
22.326431	0.0035286031	0.24916795	-3.1464788
22.33334	0.0034548027	0.22706504	-3.2523664
22.340112	0.0033858017	0.20467878	-3.3605371
22.346755	0.0033213765	0.18199227	-3.4710073
22.353277	0.0032613317	0.15898774	-3.5837917
22.359688	0.0032054984	0.13564647	-3.6989024
22.365996	0.0031537324	0.11194867	-3.8163486
22.372208	0.0031059129	0.087873311	-3.9361364
22.378331	0.0030619413	0.063397982	-4.0582676
22.384375	0.0030217403	0.038498746	-4.1827395
22.390345	0.0029852535	0.013149952	-4.3095436
22.39625	0.0029524443	-0.012675951	-4.4386643
22.402097	0.0029232952	-0.039008611	-4.5700779
22.407892	0.0028978074	-0.065879974	-4.7037497
22.413644	0.0028759986	-0.093324486	-4.8396326
22.41936	0.0028579011	-0.12137928	-4.9776633
22.425047	0.0028435586	-0.15008434	-5.1177584
22.430713	0.0028330198	-0.17948255	-5.2598092
22.436366	0.0028263296	-0.20961968	-5.4036753
22.442013	0.002823515	-0.2405441	-5.5491752
22.447662	0.0028245631	-0.27230624	-5.6960755
22.453321	0.0028293879	-0.30495739	-5.8440764
22.458997	0.0028377816	-0.33854786	-5.9927925
22.464695	0.0028493444	-0.37312381	-6.1417296
22.470422	0.002863388	-0.4087225	-6.2902558
22.47618	0.002878811	-0.44536527	-6.4375689
22.481968	0.0028939576	-0.48304779	-6.5826615
22.487781	0.0029064921	-0.52172771	-6.7242927
22.493607	0.002913363	-0.56131081	-6.8609776
22.499429	0.0029109733	-0.60163879	-6.9910149
22.505221	0.0028956743	-0.64248427	-7.1125699
22.51095	0.0028645967	-0.68355911	-7.2238209
22.516583	0.002816589	-0.72453941	-7.3231473
22.522089	0.0027528021	-0.76510278	-7.4093078
22.527442	0.0026765246	-0.80496649	-7.4815489
22.532626	0.0025923029	-0.8439138	-7.5396117
22.537636	0.0025048193	-0.88180253	-7.5836536
22.542472	0.0024180393	-0.91855873	-7.614128
22.547142	0.0023348391	-0.95416219	-7.6316642
22.551656	0.0022570258	-0.98863049	-7.6369719
22.556027	0.0021855524	-1.0220052	-7.6307748
22.560268	0.0021207761	-1.0543412	-7.6137708
22.564394	0.0020626795	-1.0857002	-7.5866108
22.568416	0.0020110348	-1.1161454	-7.5498885
22.572347	0.0019655129	-1.145739	-7.5041387
22.576198	0.0019257535	-1.1745412	-7.4498384
22.579981	0.0018914071	-1.2026088	-7.3874094
22.583705	0.0018621589	-1.2299951	-7.3172227
22.587381	0.001837743	-1.2567506	-7.2396013
22.591017	0.0018179502	-1.2829226	-7.1548234
22.594622	0.0018026339	-1.3085557	-7.0631244
22.598205	0.0017917146	-1.3336928	-6.9646983
22.601776	0.001785187	-1.3583749	-6.8596971
22.605342	0.0017831282	-1.3826425	-6.7482301
22.608914	0.0017857125	-1.4065355	-6.6303607
22.6125	0.0017932317	-1.4300948	-6.5061006
22.616112	0.0018061269	-1.4533628	-6.3754021
22.619762	0.0018250379	-1.4763853	-6.2381451
22.623464	0.0018508794	-1.499213	-6.0941177
22.627234	0.0018849663	-1.5219045	-5.9429868
22.631092	0.0019292237	-1.5445309	-5.7842502
22.635066	0.0019865631	-1.5671822	-5.6171587
22.639189	0.002061603	-1.5899803	-5.4405772
22.643513	0.0021621864	-1.6131025	-5.25272
22.648119	0.0023030179	-1.6368322	-5.0505818
22.653152	0.002516205	-1.6616904	-4.8284834
22.658938	0.0028931458	-1.68889	-4.573083
22.666782	0.0039218045	-1.7234085	-4.2298586
22.672182	0.0027003869	-1.7456226	-3.9973932
22.677098	0.0024576262	-1.7647579	-3.7896886
22.682057	0.0024797187	-1.7830411	-3.5846419
22.68661	0.0022765529	-1.7989416	-3.4009711
22.690899	0.0021443792	-1.8131636	-3.2323844
22.695007	0.0020538662	-1.8261164	-3.0752333
22.698982	0.0019876789	-1.8380455	-2.9273922
22.702857	0.0019374637	-1.8491158	-2.7874708
22.706654	0.0018985894	-1.8594459	-2.6544869
22.71039	0.0018682204	-1.8691255	-2.5277085
22.714079	0.0018444984	-1.8782249	-2.4065684
22.717732	0.0018261437	-1.8868008	-2.290613
22.721356	0.0018122414	-1.8948999	-2.1794707
22.724961	0.001802118	-1.9025613	-2.0728303
22.728551	0.0017952663	-1.9098183	-1.9704269
22.732134	0.0017912973	-1.9166996	-1.8720316
22.735713	0.001789909	-1.9232301	-1.7774441
22.739295	0.0017908642	-1.9294319	-1.6864867
22.742883	0.0017939757	-1.9353244	-1.5990007
22.746481	0.0017990954	-1.9409249	-1.5148427
22.750094	0.0018061063	-1.946249	-1.4338823
22.753723	0.0018149168	-1.9513109	-1.3559997
22.757374	0.0018254562	-1.9561232	-1.2810848
22.76105	0.0018376715	-1.9606977	-1.209035
22.764753	0.0018515248	-1.965045	-1.1397547
22.768487	0.0018669912	-1.969175	-1.0731542
22.772255	0.0018840578	-1.9730966	-1.009149
22.77606	0.0019027219	-1.9768184	-0.947659
22.779906	0.0019229908	-1.9803481	-0.88860831
22.783796	0.0019448808	-1.9836928	-0.83192446
22.787733	0.001968417	-1.9868595	-0.77753814
22.79172	0.001993633	-1.9898543	-0.72538287
22.795761	0.0020205707	-1.9926832	-0.67539468
22.79986	0.0020492805	-1.9953518	-0.6275119
22.804019	0.0020798213	-1.9978653	-0.58167487
22.808244	0.002112261	-2.0002286	-0.53782581
22.812537	0.0021466766	-2.0024463	-0.49590859
22.816904	0.0021831551	-2.0045227	-0.45586862
22.821347	0.0022217936	-2.0064621	-0.4176527
22.825873	0.0022627007	-2.0082683	-0.38120889
22.830485	0.0023059969	-2.009945	-0.34648644
22.835188	0.0023518159	-2.0114957	-0.31343562
22.839989	0.0024003059	-2.0129235	-0.28200772
22.844892	0.002451631	-2.0142318	-0.25215489
22.849904	0.0025059729	-2.0154232	-0.22383015
22.855031	0.0025635329	-2.0165006	-0.19698726
22.86028	0.0026245342	-2.0174666	-0.1715807
22.865659	0.0026892244	-2.0183235	-0.14756557
22.871174	0.0027578789	-2.0190736	-0.12489763
22.876836	0.0028308041	-2.019719	-0.10353317
22.882653	0.0029083421	-2.0202614	-0.083429006
22.888634	0.0029908752	-2.0207026	-0.06454244
22.894792	0.0030788317	-2.0210442	-0.046831232
22.901137	0.0031726933	-2.0212875	-0.03025356
22.907683	0.0032730026	-2.0214336	-0.014767996
22.914444	0.003380373	-2.0214833	-0.00033348205
22.921435	0.0034955006	-2.0214375	0.013090699
22.928674	0.0036191778	-2.0212963	0.025544941
22.936178	0.0037523101	-2.0210601	0.037069337
22.94397	0.0038959372	-2.0207286	0.047703695
22.952073	0.0040512577	-2.0203012	0.057487559
22.960512	0.0042196602	-2.0197769	0.066460225
22.969317	0.0044027622	-2.0191543	0.074660753
22.978522	0.004602458	-2.0184315	0.082127985
22.988164	0.0048209801	-2.0176058	0.088900557
22.998286	0.0050609761	-2.0166737	0.095016915
23.008937	0.0053256095	-2.0156312	0.10051533
23.020175	0.0056186886	-2.0144728	0.10543391
23.032065	0.0059448374	-2.0131921	0.10981062
23.044684	0.0063097229	-2.0117807	0.11368331
23.058125	0.0067203611	-2.0102287	0.11708973
23.072496	0.0071855375	-2.0085234	0.12006759
23.087929	0.0077163923	-2.0066494	0.12265455
23.104583	0.0083272523	-2.0045869	0.12488838
23.122657	0.0090368382	-2.0023113	0.12680696
23.142397	0.0098700605	-1.9997909	0.1284485
23.164118	0.010860769	-1.9969845	0.12985174
23.188231	0.012056108	-1.993838	0.13105629
23.215278	0.013523693	-1.9902782	0.13210323
23.246006	0.015364088	-1.9862037	0.13303609
23.281474	0.017733945	-1.981469	0.13390258
23.32326	0.020893067	-1.9758551	0.13475799
23.373888	0.025313757	-1.9690089	0.13567249
23.437877	0.03199461	-1.9602924	0.13674965
23.525429	0.043775808	-1.9482565	0.13819276
23.667375	0.070973134	-1.9284725	0.1405898
23.786048	0.059336566	-1.9116658	0.14268183
23.904565	0.059258538	-1.8946277	0.14487122
24.020004	0.057719351	-1.8777767	0.14710853
24.133318	0.056656984	-1.8609785	0.14941429
24.244917	0.055799427	-1.8441729	0.15180042
24.354815	0.054949374	-1.8273564	0.15427162
24.462976	0.054080323	-1.8105339	0.15683169
24.569372	0.053198264	-1.7937085	0.1594849
24.673987	0.0523071	-1.7768824	0.16223594
24.776804	0.05140856	-1.7600573	0.16508988
24.877812	0.050503905	-1.7432347	0.16805214
24.977	0.049594343	-1.7264156	0.17112855
25.074362	0.048681059	-1.709601	0.17432539
25.169893	0.047765219	-1.6927914	0.17764943
25.263589	0.046847964	-1.675987	0.18110796
25.35545	0.045930409	-1.6591876	0.18470886
25.445477	0.045013654	-1.6423927	0.18846065
25.533674	0.044098777	-1.6256013	0.19237257
25.620048	0.043186844	-1.6088121	0.19645463
25.704606	0.042278907	-1.5920232	0.20071771
25.787358	0.041376008	-1.5752323	0.20517368
25.868316	0.040479185	-1.5584364	0.20983545
25.947495	0.039589474	-1.5416321	0.21471715
26.024911	0.038707909	-1.5248152	0.21983426
26.100582	0.037835536	-1.5079807	0.22520376
26.174529	0.036973411	-1.491123	0.23084434
26.246774	0.036122608	-1.4742355	0.23677663
26.317343	0.035284231	-1.4573104	0.24302345
26.386262	0.034459423	-1.4403391	0.24961013
26.45356	0.033649375	-1.4233114	0.25656489
26.519271	0.032855351	-1.4062157	0.26391928
26.583428	0.032078702	-1.3890387	0.27170872
26.64607	0.031320902	-1.371765	0.27997318
26.707237	0.030583583	-1.3543771	0.28875797
26.766975	0.029868587	-1.3368542	0.29811479
26.825331	0.029178044	-1.3191726	0.308103
26.88236	0.028514469	-1.3013041	0.3187913
26.938121	0.027880908	-1.2832156	0.33025994
26.992684	0.027281156	-1.2648673	0.34260359
27.046124	0.026720074	-1.2462112	0.35593541
27.098532	0.026204091	-1.2271881	0.37039262
27.150016	0.025742011	-1.207724	0.38614478
27.200709	0.025346371	-1.1877237	0.40340613
27.250781	0.025035879	-1.167061	0.42245541
27.300461	0.024840074	-1.145562	0.44366928
27.350079	0.024809129	-1.122973	0.46758372
27.400153	0.025037145	-1.0988948	0.49502003
27.45091	0.025378239	-1.0729884	0.5269165
27.498568	0.023829383	-1.0470829	0.56141561
27.543186	0.022308835	-1.0212336	0.5985749
27.584995	0.020904603	-0.99540009	0.63857193
27.624219	0.019611743	-0.96953767	0.68159909
27.661061	0.018421278	-0.94360199	0.72785745
27.695711	0.017324699	-0.91754932	0.77755645
27.724309	0.014299057	-0.89466811	0.82394141
27.750204	0.01294765	-0.87274075	0.87084013
27.773915	0.011855242	-0.85154199	0.9184891
27.797766	0.01192564	-0.82901761	0.97163026
27.819661	0.01094762	-0.80716651	1.0256728
27.839883	0.010110894	-0.78588247	1.0806783
27.858692	0.0094044882	-0.76504001	1.136806
27.876287	0.0087976833	-0.7445436	1.1941805
27.892825	0.0082689065	-0.72431897	1.2529016
27.908431	0.0078028321	-0.70430665	1.3130516
27.923207	0.007388193	-0.68445781	1.3747007
27.93724	0.007016464	-0.66473152	1.4379104
27.950602	0.00668104	-0.6450928	1.5027355
27.963356	0.0063767014	-0.62551129	1.5692256
27.975554	0.0060992536	-0.60596021	1.6374265
27.987245	0.0058452766	-0.58641569	1.7073809
27.998469	0.0056119472	-0.56685609	1.7791287
28.009262	0.0053969096	-0.54726165	1.8527079
28.019659	0.0051981787	-0.52761407	1.9281545
28.029687	0.0050140684	-0.50789623	2.0055031
28.039373	0.0048431352	-0.488092	2.084787
28.048741	0.0046841357	-0.46818596	2.1660382
28.057813	0.0045359923	-0.44816331	2.2492877
28.066609	0.0043977667	-0.42800965	2.3345654
28.075146	0.0042686378	-0.40771093	2.4219005
28.083442	0.0041478846	-0.38725325	2.5113209
28.091512	0.0040348717	-0.36662283	2.602854
28.09937	0.0039290381	-0.34580585	2.696526
28.10703	0.0038298867	-0.32478839	2.7923622
28.114504	0.0037369772	-0.30355633	2.8903868
28.121803	0.0036499187	-0.28209524	2.9906233
28.12894	0.0035683648	-0.26039032	3.0930935
28.135924	0.0034920082	-0.23842629	3.1978182
28.142765	0.0034205775	-0.21618731	3.3048167
28.149473	0.0033538335	-0.19365683	3.4141066
28.156056	0.0032915666	-0.17081754	3.5257034
28.162523	0.0032335946	-0.14765125	3.6396205
28.168883	0.0031797608	-0.12413871	3.7558689
28.175143	0.0031299326	-0.10025954	3.8744562
28.181311	0.003084	-0.075992071	3.9953865
28.187394	0.0030418751	-0.051313166	4.1186595
28.193401	0.0030034907	-0.026198072	4.2442699
28.199339	0.0029688002	-0.00062023808	4.3722059
28.205215	0.0029377765	0.025448885	4.502448
28.211035	0.0029104112	0.05204004	4.6349676
28.216809	0.0028867138	0.079186367	4.7697242
28.222542	0.0028667096	0.1069236	4.9066633
28.228243	0.0028504369	0.13529025	5.0457123
28.233919	0.0028379426	0.16432771	5.1867763
28.239577	0.0028292753	0.19408028	5.3297319
28.245226	0.0028244731	0.22459505	5.4744201
28.250874	0.0028235469	0.2559215	5.6206357
28.256526	0.0028264532	0.28811066	5.7681149
28.262193	0.0028330539	0.32121365	5.9165187
28.267879	0.0028430579	0.35527922	6.065412
28.273591	0.0028559386	0.39034994	6.2142375
28.279332	0.0028708232	0.42645632	6.3622844
28.285105	0.0028863581	0.46360858	6.5086547
28.290906	0.0029005682	0.50178555	6.6522299
28.296728	0.0029107638	0.54092131	6.7916497
28.302555	0.0029135883	0.58089163	6.9253172
28.308365	0.0029053349	0.62150446	7.0514516
28.314131	0.0028826156	0.66250075	7.1682027
28.319817	0.0028432914	0.70357083	7.2738226
28.325392	0.0027873008	0.74438648	7.3668564
28.330826	0.0027169092	0.78464039	7.4462932
28.336098	0.0026361571	0.82407978	7.5116258
28.341198	0.0025497901	0.86252424	7.5628119
28.346122	0.0024622183	0.89986635	7.6001689
28.350876	0.0023768942	0.93606037	7.62425
28.355468	0.0022961536	0.97110644	7.6357337
28.359911	0.0022213549	1.0050353	7.6353429
28.364217	0.0021531296	1.0378962	7.6237924
28.3684	0.0020916283	1.0697481	7.601759
28.372474	0.002036714	1.1006536	7.5698665
28.37645	0.0019880986	1.130676	7.5286798
28.380341	0.0019454313	1.1598765	7.4787053
28.384157	0.0019083529	1.1883136	7.4203925
28.387911	0.0018765286	1.2160426	7.354138
28.39161	0.0018496661	1.2431153	7.2802891
28.395265	0.0018275265	1.2695805	7.1991466
28.398885	0.0018099305	1.2954843	7.1109676
28.402478	0.0017967634	1.3208703	7.0159672
28.406054	0.001787981	1.3457805	6.914319
28.409622	0.0017836168	1.3702556	6.8061547
28.413189	0.0017837933	1.3943355	6.6915614
28.416767	0.0017887387	1.4180606	6.5705783
28.420364	0.0017988129	1.4414725	6.4431893
28.423993	0.0018145463	1.4646148	6.3093134
28.427667	0.0018367008	1.4875356	6.1687887
28.431399	0.0018663666	1.5102889	6.0213488
28.43521	0.001905122	1.5329388	5.8665855
28.43912	0.0019553108	1.5555645	5.7038889
28.443161	0.0020205533	1.5782695	5.5323443
28.447375	0.0021067685	1.6011986	5.350545
28.451824	0.0022244539	1.6245716	5.1562142
28.456613	0.0023946202	1.6487617	4.9453295
28.46195	0.0026683965	1.6745249	4.7095972
28.468405	0.0032274989	1.7040066	4.4254372
28.473985	0.0027902754	1.7280225	4.1823326
28.479331	0.0026726524	1.7497628	3.9530459
28.484159	0.0024139399	1.7683547	3.7498651
28.489022	0.0024318089	1.7861029	3.5496669
28.493518	0.0022478134	1.8016525	3.3691544
28.497769	0.0021254135	1.8156184	3.20287
28.501849	0.0020402654	1.8283687	3.0475519
28.505804	0.0019774726	1.8401302	2.901248
28.509663	0.0019296082	1.8510573	2.7626596
28.513448	0.0018924648	1.8612624	2.6308594
28.517175	0.0018634292	1.8708311	2.5051505
28.520857	0.0018407715	1.8798308	2.3849896
28.524503	0.0018232909	1.8883163	2.2699401
28.528124	0.0018101242	1.8963326	2.1596427
28.531725	0.001800633	1.9039178	2.0537957
28.535313	0.0017943345	1.911104	1.9521414
28.538895	0.0017908579	1.9179194	1.8544567
28.542475	0.0017899142	1.9243883	1.7605456
28.546058	0.0017912765	1.9305321	1.6702344
28.549647	0.0017947652	1.93637	1.5833672
28.553248	0.0018002387	1.9419188	1.4998033
28.556863	0.0018075848	1.947194	1.4194143
28.560496	0.0018167162	1.9522093	1.3420824
28.564151	0.0018275655	1.9569773	1.2676988
28.567831	0.0018400828	1.9615094	1.1961624
28.57154	0.0018542325	1.9658163	1.1273787
28.57528	0.0018699922	1.9699075	1.0612589
28.579055	0.0018873508	1.973792	0.99771947
28.582867	0.0019063075	1.9774781	0.93668112
28.586721	0.0019268713	1.9809734	0.87806854
28.590619	0.0019490603	1.9842851	0.8218099
28.594565	0.0019729009	1.9874199	0.76783643
28.598562	0.0019984283	1.990384	0.71608213
28.602613	0.002025686	1.9931832	0.66648348
28.606723	0.002054726	1.995823	0.61897918
28.610894	0.0020856087	1.9983087	0.57350993
28.615131	0.0021184036	2.000645	0.53001827
28.619437	0.0021531897	2.0028365	0.48844835
28.623817	0.0021900556	2.0048876	0.44874585
28.628275	0.0022291005	2.0068024	0.41085782
28.632816	0.002270435	2.0085846	0.37473254
28.637445	0.0023141821	2.010238	0.34031944
28.642165	0.002360478	2.011766	0.307569
28.646984	0.0024094736	2.0131718	0.27643265
28.651907	0.0024613363	2.0144584	0.24686274
28.65694	0.002516251	2.0156288	0.2188124
28.662088	0.0025744229	2.0166857	0.19223553
28.667361	0.0026360794	2.0176315	0.16708673
28.672764	0.0027014731	2.0184688	0.14332125
28.678305	0.0027708846	2.0191996	0.12089491
28.683995	0.0028446266	2.0198259	0.099764108
28.689841	0.0029230482	2.0203497	0.079885765
28.695854	0.0030065394	2.0207727	0.061217264
28.702045	0.0030955381	2.0210962	0.043716443
28.708426	0.0031905362	2.0213216	0.027341555
28.71501	0.0032920885	2.02145	0.01205124
28.721812	0.0034008228	2.0214822	-0.0021954955
28.728847	0.0035174514	2.0214189	-0.015439308
28.736132	0.0036427862	2.0212604	-0.027720534
28.743688	0.0037777555	2.0210068	-0.039079214
28.751535	0.0039234261	2.0206578	-0.049555107
28.759697	0.0040810288	2.0202127	-0.059187709
28.768201	0.0042519909	2.0196706	-0.068016273
28.777077	0.0044379765	2.0190299	-0.076079817
28.786358	0.004640937	2.0182884	-0.083417144
28.796085	0.0048631741	2.0174435	-0.090066856
28.8063	0.0051074218	2.0164916	-0.096067364
28.817054	0.0053769507	2.0154284	-0.10145691
28.828405	0.0056757039	2.0142482	-0.10627357
28.840422	0.0060084775	2.0129442	-0.11055529
28.853184	0.0063811592	2.0115079	-0.11433991
28.866786	0.0068010533	2.0099289	-0.11766515
28.881341	0.0072773261	2.008194	-0.12056871
28.896984	0.0078216294	2.0062871	-0.12308828
28.913882	0.0084489894	2.0041877	-0.12526162
28.93224	0.0091791024	2.00187	-0.12712667
28.952317	0.010038272	1.9993006	-0.12872173
28.974442	0.011062391	1.9964366	-0.13008564
28.999045	0.012301698	1.9932207	-0.13125825
29.026703	0.013828687	1.9895753	-0.13228098
29.058206	0.015751992	1.9853926	-0.13319797
29.094692	0.018242539	1.9805164	-0.134058
29.137867	0.021587812	1.9747091	-0.13491835
29.190511	0.026321966	1.9675812	-0.13585332
29.25775	0.033619222	1.9584085	-0.13697693
29.352002	0.047126207	1.9454249	-0.13853202
29.486759	0.067378308	1.9266046	-0.14081878
29.60519	0.059215751	1.9098046	-0.14291742
29.723526	0.059167938	1.8927642	-0.14511501
29.838786	0.057630222	1.8759107	-0.14736088
29.951916	0.056564936	1.8591107	-0.1496755
30.063326	0.055704719	1.842304	-0.15207085
30.173032	0.054852949	1.8254868	-0.1545517
30.280997	0.053982682	1.8086639	-0.1571219
30.387196	0.053099612	1.7918384	-0.15978574
30.491611	0.052207573	1.7750123	-0.16254797
30.594228	0.051308292	1.7581874	-0.16541367
30.695034	0.050403032	1.7413651	-0.16838832
30.79402	0.049492997	1.7245465	-0.1714778
30.891179	0.048579373	1.7077325	-0.17468843
30.986505	0.04766332	1.6909234	-0.17802705
31.079997	0.046745976	1.6741196	-0.181501
31.171654	0.045828456	1.6573207	-0.18511824
31.261478	0.044911857	1.6405263	-0.18888736
31.349472	0.043997255	1.6237352	-0.19281768
31.435644	0.043085714	1.6069461	-0.1969193
31.52	0.042178285	1.5901571	-0.20120322
31.602553	0.041276011	1.5733658	-0.2056814
31.683312	0.040379927	1.5565692	-0.21036689
31.762294	0.03949107	1.5397637	-0.21527397
31.839515	0.038610475	1.5229451	-0.22041827
31.914994	0.037739189	1.5061083	-0.22581694
31.98875	0.036878268	1.4892477	-0.23148889
32.060808	0.036028792	1.4723563	-0.23745496
32.131192	0.035191866	1.4554266	-0.24373826
32.199929	0.034368638	1.4384495	-0.25036439
32.26705	0.033560307	1.4214148	-0.25736194
32.332586	0.032768145	1.4043108	-0.26476286
32.396573	0.031993516	1.3871238	-0.27260304
32.459049	0.031237909	1.3698384	-0.28092298
32.520055	0.030502975	1.3524365	-0.28976867
32.579636	0.029790586	1.3348973	-0.29919258
32.637842	0.029102908	1.3171964	-0.30925502
32.694727	0.028442506	1.2993052	-0.32002585
32.750352	0.0278125	1.2811899	-0.33158677
32.804785	0.027216782	1.2628099	-0.34403428
32.858106	0.02666036	1.2441162	-0.35748389
32.910406	0.026149879	1.2250481	-0.37207597
32.961795	0.025694478	1.2055296	-0.3879843
33.012409	0.025307232	1.1854625	-0.40542917
33.062425	0.025007762	1.1647166	-0.4246982
33.112079	0.024827276	1.1431108	-0.44618197
33.161718	0.024819284	1.1203797	-0.47044015
33.211889	0.025085493	1.0961007	-0.49833919
33.262301	0.025205911	1.0701962	-0.53050701
33.30962	0.023659658	1.044299	-0.56528378
33.353924	0.022152073	1.0184536	-0.60273944
33.395445	0.020760286	0.99261911	-0.64305316
33.434402	0.019478874	0.96675093	-0.68641824
33.471	0.01829891	0.94080475	-0.73303667
33.505424	0.017211954	0.91473691	-0.78311876
33.533653	0.014114466	0.8919935	-0.82953299
33.559263	0.012804834	0.87016371	-0.87651098
33.585073	0.012905312	0.8468781	-0.92928007
33.608549	0.011737751	0.82445171	-0.98272041
33.630075	0.010762889	0.80272847	-1.0369502
33.649986	0.009955481	0.78154478	-1.0921758
33.668529	0.0092718144	0.7607808	-1.1485517
33.685894	0.0086826459	0.74034604	-1.2061969
33.70223	0.0081679177	0.72016973	-1.2652068
33.717657	0.0077132852	0.70019488	-1.325661
33.732273	0.007308135	0.68037449	-1.3876277
33.746162	0.0069443941	0.66066898	-1.4511668
33.759393	0.0066157805	0.64104443	-1.5163318
33.772028	0.0063173115	0.62147129	-1.5831717
33.784118	0.00604497	0.60192344	-1.6517314
33.795709	0.0057954722	0.5823775	-1.7220531
33.806841	0.0055661007	0.56281227	-1.7941761
33.81755	0.0053545832	0.54320831	-1.8681381
33.827868	0.0051590018	0.52354758	-1.9439748
33.837824	0.0049777244	0.50381319	-2.0217204
33.847443	0.0048093522	0.48398917	-2.1014081
33.856748	0.0046526785	0.46406024	-2.1830696
33.865761	0.0045066565	0.44401169	-2.2667356
33.874502	0.0043703736	0.42382921	-2.352436
33.882988	0.0042430308	0.40349879	-2.4401995
33.891236	0.0041239259	0.38300656	-2.5300542
33.899261	0.0040124397	0.36233874	-2.6220269
33.907077	0.0039080251	0.34148149	-2.7161439
33.914697	0.0038101974	0.32042087	-2.8124301
33.922134	0.0037185269	0.29914268	-2.9109098
33.929399	0.0036326325	0.27763245	-3.0116059
33.936504	0.0035521761	0.25587528	-3.1145402
33.943458	0.0034768581	0.23385578	-3.219733
33.95027	0.0034064141	0.21155796	-3.3272035
33.956952	0.0033406111	0.18896514	-3.4369686
33.96351	0.0032792454	0.16605984	-3.5490437
33.969954	0.0032221402	0.14282363	-3.6634416
33.976293	0.0031691439	0.11923707	-3.7801725
33.982533	0.0031201286	0.09527952	-3.8992436
33.988683	0.0030749891	0.07092901	-4.020658
33.99475	0.0030336416	0.046162091	-4.1444145
34.000742	0.0029960234	0.020953654	-4.2705064
34.006666	0.0029620919	-0.004723252	-4.3989206
34.01253	0.0029318239	-0.03089761	-4.5296359
34.018341	0.0029052149	-0.057600642	-4.6626213
34.024105	0.0028822778	-0.084866009	-4.7978337
34.029831	0.0028630408	-0.11273001	-4.9352152
34.035526	0.0028475446	-0.14123173	-5.074689
34.041198	0.002835837	-0.17041317	-5.2161549
34.046854	0.0028279655	-0.20031923	-5.3594828
34.052502	0.0028239643	-0.23099754	-5.504505
34.058149	0.0028238358	-0.26249798	-5.6510054
34.063804	0.0028275205	-0.29487174	-5.7987062
34.069474	0.0028348544	-0.3281697	-5.9472504
34.075165	0.0028455053	-0.3624397	-6.09618
34.080883	0.0028588852	-0.39772237	-6.2449085
34.086631	0.0028740335	-0.4340448	-6.3926895
34.09241	0.0028894794	-0.47141172	-6.5385819
34.098216	0.0029031047	-0.50979387	-6.6814184
34.10404	0.0029120712	-0.54911433	-6.8197881
34.109866	0.0029129129	-0.58923541	-6.9520499
34.11567	0.0029019225	-0.6299507	-7.0763972
34.121422	0.0028758901	-0.67098878	-7.1909854
34.127088	0.0028330501	-0.71203309	-7.2941119
34.132636	0.0027738277	-0.75275651	-7.3844035
34.138037	0.0027009244	-0.79286065	-7.4609521
34.143275	0.0026186214	-0.83210681	-7.5233525
34.148338	0.0025316699	-0.87033013	-7.5716465
34.153227	0.0024443165	-0.90743709	-7.6062105
34.157946	0.0023597832	-0.94339277	-7.6276314
34.162507	0.0022801865	-0.97820478	-7.6366027
34.16692	0.0022067131	-1.0119086	-7.6338492
34.1712	0.0021398763	-1.0445561	-7.6200795
34.175359	0.0020797534	-1.0762072	-7.5959605
34.179412	0.002026167	-1.1069252	-7.5621039
34.183369	0.0019788098	-1.1367729	-7.5190624
34.187244	0.0019373259	-1.165811	-7.4673305
34.191047	0.001901359	-1.1940974	-7.4073465
34.194788	0.001870582	-1.2216867	-7.3394965
34.198477	0.0018447127	-1.24863	-7.2641179
34.202124	0.0018235243	-1.2749756	-7.1815022
34.205738	0.0018068502	-1.300769	-7.091898
34.209327	0.00179459	-1.3260533	-6.9955116
34.212901	0.0017867147	-1.3508703	-6.8925081
34.216467	0.0017832752	-1.3752605	-6.7830102
34.220036	0.0017844142	-1.3992638	-6.6670955
34.223617	0.0017903846	-1.4229208	-6.5447925
34.22722	0.0018015777	-1.4462733	-6.4160726
34.230857	0.0018185659	-1.4693658	-6.2808397
34.234541	0.0018421693	-1.4922472	-6.1389125
34.238288	0.0018735632	-1.5149736	-5.9899989
34.242117	0.0019144558	-1.5376113	-5.8336551
34.246052	0.0019674016	-1.5602438	-5.6692184
34.250125	0.0020363865	-1.5829815	-5.4956922
34.254381	0.0021280223	-1.6059808	-5.3115305
34.25889	0.0022542839	-1.6294844	-5.1141947
34.263769	0.0024399296	-1.6539168	-4.8990875
34.269267	0.0027487161	-1.6801817	-4.656278
34.276145	0.0034392266	-1.7111678	-4.3540519
34.281603	0.0027286496	-1.7342806	-4.1172369
34.286786	0.0025915729	-1.7550449	-3.8959933
34.29151	0.002362083	-1.7729808	-3.6982762
34.296261	0.0023757906	-1.7900887	-3.5038557
34.300687	0.0022129585	-1.8052031	-3.3272553
34.304891	0.0021018702	-1.8188444	-3.1638922
34.308937	0.0020231775	-1.831335	-3.0109311
34.312867	0.0019645634	-1.8428797	-2.8666201
34.316706	0.0019196362	-1.8536207	-2.7297701
34.320475	0.0018846789	-1.8636628	-2.5995198
34.32419	0.0018573413	-1.8730864	-2.4752158
34.327862	0.0018360476	-1.8819555	-2.3563442
34.331501	0.0018196937	-1.8903222	-2.2424897
34.335116	0.0018074797	-1.8982296	-2.1333087
34.338714	0.0017988104	-1.9057142	-2.0285112
34.3423	0.001793234	-1.9128072	-1.927849
34.345881	0.0017904021	-1.9195355	-1.831106
34.349461	0.0017900423	-1.9259229	-1.7380923
34.353045	0.0017919405	-1.9319901	-1.6486386
34.356637	0.0017959274	-1.9377556	-1.5625933
34.360241	0.001801869	-1.943236	-1.4798187
34.36386	0.0018096598	-1.9484463	-1.4001892
34.367499	0.0018192176	-1.9533999	-1.3235895
34.37116	0.0018304796	-1.9581091	-1.2499125
34.374846	0.0018433996	-1.9625851	-1.179059
34.378562	0.0018579454	-1.9668383	-1.110936
34.38231	0.0018740974	-1.970878	-1.0454559
34.386094	0.0018918472	-1.9747132	-0.98253645
34.389916	0.0019111965	-1.9783519	-0.92209925
34.393781	0.0019321565	-1.9818015	-0.86406991
34.39769	0.0019547473	-1.9850693	-0.8083774
34.401648	0.0019789977	-1.9881617	-0.75495364
34.405658	0.0020049447	-1.9910848	-0.70373327
34.409723	0.0020326339	-1.9938445	-0.65465334
34.413848	0.0020621194	-1.9964461	-0.60765304
34.418035	0.0020934638	-1.9988947	-0.56267356
34.422288	0.002126739	-2.0011951	-0.51965783
34.426612	0.002162026	-2.0033519	-0.47855041
34.431011	0.0021994161	-2.0053692	-0.43929731
34.435489	0.0022390113	-2.0072512	-0.4018459
34.440051	0.0022809251	-2.0090015	-0.36614475
34.444701	0.0023252835	-2.0106239	-0.33214355
34.449446	0.0023722263	-2.0121216	-0.29979302
34.45429	0.0024219082	-2.0134979	-0.26904484
34.459239	0.0024745008	-2.0147558	-0.23985153
34.464299	0.0025301937	-2.0158982	-0.21216643
34.469477	0.0025891974	-2.0169276	-0.18594362
34.474781	0.0026517452	-2.0178466	-0.16113785
34.480217	0.0027180961	-2.0186576	-0.13770452
34.485794	0.0027885384	-2.0193626	-0.11559961
34.491521	0.0028633932	-2.0199637	-0.094779636
34.497407	0.002943019	-2.0204626	-0.075201633
34.503463	0.0030278172	-2.0208611	-0.056823102
34.509699	0.003118238	-2.0211604	-0.039601985
34.516129	0.0032147879	-2.021362	-0.023496632
34.522765	0.0033180388	-2.0214667	-0.0084657772
34.529622	0.0034286378	-2.0214755	0.0055314904
34.536717	0.0035473202	-2.0213889	0.018535746
34.544067	0.0036749247	-2.0212071	0.030587253
34.551691	0.0038124114	-2.0209301	0.041725979
34.559613	0.0039608846	-2.0205577	0.051991619
34.567856	0.00412162	-2.0200889	0.061423607
34.576449	0.004296099	-2.0195228	0.070061137
34.585421	0.0044860508	-2.0188576	0.077943174
34.594808	0.0046935062	-2.0180911	0.085108471
34.604649	0.0049208645	-2.0172204	0.091595579
34.614991	0.0051709805	-2.0162416	0.097442868
34.625886	0.0054472754	-2.0151503	0.10268854
34.637394	0.0057538829	-2.0139404	0.10737063
34.649585	0.0060958414	-2.0126049	0.11152707
34.662544	0.0064793519	-2.0111347	0.11519564
34.676368	0.006912128	-2.0095188	0.11841409
34.691176	0.0074038788	-2.0077435	0.12122008
34.70711	0.007966988	-2.0057915	0.12365132
34.724345	0.0086174864	-2.0036412	0.12574562
34.743098	0.0093764783	-2.0012652	0.12754096
34.763643	0.010272289	-1.9986281	0.12907576
34.78633	0.011343794	-1.9956838	0.13038907
34.811622	0.012645789	-1.9923708	0.13152105
34.840138	0.014258012	-1.9886053	0.13251366
34.87274	0.016301246	-1.9842695	0.13341194
34.910677	0.018968266	-1.9791913	0.13426629
34.955857	0.022590024	-1.9731048	0.13513709
35.011461	0.027801837	-1.9655632	0.13610529
35.083636	0.036087611	-1.9556962	0.13730262
35.189226	0.05279512	-1.9411065	0.13905124
35.318863	0.064818614	-1.9229382	0.14127123
35.448281	0.064708713	-1.9045072	0.14359428
35.565871	0.058795278	-1.8874936	0.14580981
35.679654	0.056891504	-1.8707767	0.14806002
35.792036	0.056190658	-1.8540083	0.15039408
35.902916	0.055440272	-1.8372003	0.15281466
36.012104	0.054593749	-1.82038	0.15532236
36.119538	0.053716963	-1.8035556	0.15792058
36.225197	0.052829857	-1.7867296	0.16061379
36.329068	0.051935259	-1.7699037	0.16340688
36.431136	0.051034011	-1.7530795	0.16630506
36.53139	0.050127174	-1.7362582	0.16931393
36.629822	0.049215926	-1.7194409	0.1724395
36.726425	0.048301443	-1.7026283	0.17568825
36.821195	0.047384879	-1.6858209	0.17906716
36.914129	0.046467365	-1.6690186	0.18258375
37.005229	0.045550009	-1.6522211	0.18624616
37.094497	0.044633903	-1.6354278	0.1900632
37.181937	0.043720119	-1.6186375	0.19404442
37.267557	0.042809716	-1.6018487	0.19820019
37.351364	0.041903742	-1.5850593	0.20254178
37.433371	0.041003238	-1.5682667	0.20708147
37.513589	0.040109239	-1.5514678	0.21183268
37.592035	0.039222781	-1.5346588	0.21681006
37.668725	0.038344902	-1.5178352	0.2220297
37.743678	0.03747665	-1.5009919	0.22750926
37.816916	0.036619089	-1.4841227	0.23326821
37.888463	0.035773304	-1.4672205	0.23932805
37.958344	0.034940414	-1.4502774	0.2457126
38.026587	0.034121579	-1.433284	0.25244834
38.093223	0.03331802	-1.4162296	0.25956482
38.158285	0.032531032	-1.3991019	0.26709511
38.221809	0.031762014	-1.3818868	0.27507644
38.283834	0.0310125	-1.364568	0.28355088
38.344402	0.030284202	-1.3471268	0.29256625
38.40356	0.029579071	-1.3295412	0.30217725
38.461359	0.028899381	-1.3117858	0.31244689
38.517855	0.028247848	-1.2938304	0.32344836
38.57311	0.027627797	-1.2756394	0.33526748
38.627197	0.027043418	-1.2571698	0.34800603
38.680198	0.026500148	-1.2383694	0.36178635
38.732208	0.02600528	-1.2191735	0.37675787
38.783346	0.025568954	-1.1995	0.39310685
38.833758	0.025205882	-1.1792425	0.41107131
38.883635	0.024938502	-1.1582576	0.43096541
38.933241	0.024803244	-1.1363435	0.45322197
38.98297	0.024864322	-1.1131975	0.47847394
39.033467	0.025248741	-1.0883221	0.50773179
39.082937	0.024735024	-1.0624186	0.54066984
39.129326	0.023194496	-1.0365414	0.57623166
39.172771	0.021722367	-1.010704	0.61452495
39.213501	0.020364676	-0.98486409	0.65573338
39.25173	0.019114626	-0.95897713	0.7000529
39.287657	0.01796342	-0.932999	0.74768798
39.321462	0.01690282	-0.90688624	0.79885145
39.348731	0.013634511	-0.88448474	0.84542224
39.373569	0.012418656	-0.86291546	0.89264148
39.39858	0.012505666	-0.83994574	0.94552422
39.421417	0.011418306	-0.81775609	0.99917638
39.442419	0.010501053	-0.79621259	1.0536907
39.461889	0.0097352952	-0.7751681	1.1092529
39.480055	0.0090830553	-0.75451313	1.1660049
39.497092	0.0085184173	-0.73416402	1.2240573
39.513139	0.0080233485	-0.71405471	1.2835001
39.528309	0.0075848071	-0.6941316	1.3444091
39.542695	0.0071930558	-0.67435017	1.4068497
39.556376	0.0068406335	-0.65467274	1.4708795
39.569419	0.0065216979	-0.63506684	1.5365507
39.581882	0.0062315908	-0.61550404	1.6039108
39.593816	0.0059665402	-0.59595915	1.673004
39.605262	0.0057234502	-0.57640948	1.7438712
39.616262	0.0054997505	-0.55683442	1.8165516
39.626849	0.0052932854	-0.53721498	1.891082
39.637053	0.0051022307	-0.51753352	1.9674977
39.646903	0.0049250305	-0.49777344	2.0458326
39.656424	0.0047603485	-0.47791898	2.1261193
39.665638	0.0046070299	-0.45795509	2.2083893
39.674566	0.0044640712	-0.43786716	2.2926731
39.683227	0.0043305967	-0.41764101	2.3790001
39.691639	0.0042058384	-0.39726267	2.4673989
39.699817	0.0040891207	-0.37671832	2.5578971
39.707777	0.0039798476	-0.35599416	2.6505216
39.715532	0.0038774919	-0.33507633	2.7452979
39.723095	0.0037815865	-0.31395083	2.8422511
39.730478	0.0036917172	-0.29260338	2.9414048
39.737693	0.0036075163	-0.27101939	3.0427817
39.744751	0.0035286582	-0.24918381	3.1464032
39.75166	0.0034548542	-0.2270811	3.2522892
39.758432	0.0033858499	-0.20469505	3.3604582
39.765075	0.0033214214	-0.18200876	3.4709268
39.771598	0.0032613735	-0.15900447	3.5837095
39.778009	0.0032055372	-0.13566345	3.6988184
39.784316	0.0031537684	-0.11196592	3.816263
39.790528	0.003105946	-0.087890836	3.936049
39.796652	0.0030619716	-0.063415804	4.0581785
39.802696	0.003021768	-0.038516883	4.1826488
39.808666	0.0029852785	-0.013168423	4.3094512
39.814571	0.0029524666	0.012657126	4.4385703
39.820418	0.002923315	0.038989408	4.5699822
39.826213	0.0028978245	0.065860369	4.7036524
39.831965	0.002876013	0.093304455	4.8395337
39.837681	0.0028579128	0.1213588	4.9775629
39.843368	0.0028435676	0.15006337	5.1176565
39.849034	0.002833026	0.17946106	5.259706
39.854687	0.002826333	0.20959764	5.4035708
39.860334	0.0028235157	0.24052148	5.5490696
39.865983	0.002824561	0.27228299	5.695969
39.871642	0.0028293831	0.30493348	5.8439693
39.877318	0.0028377743	0.33852325	5.992685
39.883016	0.0028493351	0.37309848	6.1416221
39.888743	0.0028633772	0.40869643	6.2901489
39.894501	0.0028787998	0.44533844	6.4374632
39.900289	0.0028939473	0.48302021	6.5825579
39.906101	0.0029064847	0.52169944	6.724192
39.911928	0.0029133609	0.56128193	6.8608811
39.91775	0.0029109793	0.60160945	6.9909238
39.923542	0.0028956907	0.64245465	7.1124857
39.929271	0.0028646252	0.68352945	7.2237447
39.934904	0.0028166296	0.72450993	7.3230802
39.94041	0.0027528532	0.76507371	7.4092506
39.945763	0.0026765831	0.80493802	7.4815019
39.950948	0.0025923654	0.84388605	7.5395749
39.955957	0.0025048827	0.88177558	7.5836267
39.960794	0.0024181009	0.91853261	7.6141107
39.965463	0.0023348974	0.9541369	7.6316561
39.969978	0.0022570798	0.98860601	7.6369723
39.974349	0.0021856016	1.0219814	7.6307833
39.97859	0.0021208204	1.0543182	7.6137869
39.982716	0.0020627191	1.0856779	7.5866339
39.986738	0.0020110698	1.1161237	7.5499183
39.990669	0.0019655436	1.145718	7.5041749
39.994521	0.0019257802	1.1745207	7.4498806
39.998304	0.0018914301	1.2025888	7.3874574
40.002028	0.0018621783	1.2299756	7.3172761
