0.69903033	0.34951516	0.0045269095	-0.033740516
1.0123636	0.15666663	-0.01835016	-0.14708629
1.2228552	0.10524579	-0.0696875	-0.39515712
1.3822287	0.079686756	-0.16164354	-0.83125978
1.520256	0.069013682	-0.31913607	-1.5397588
1.6562957	0.068019844	-0.59491557	-2.5603675
1.8305738	0.087139017	-1.1299455	-3.0138028
1.8957815	0.032603873	-1.3119724	-2.4835287
1.9685971	0.036407805	-1.4640391	-1.6757183
2.0461694	0.038786147	-1.5625736	-0.92237073
2.120209	0.037019792	-1.6107229	-0.43954741
2.1949422	0.037366578	-1.6311594	-0.1520521
2.2774122	0.041235046	-1.6353862	0.017969506
2.3756717	0.049129719	-1.6277736	0.11511564
2.4999923	0.062160318	-1.6093537	0.16724783
2.6683677	0.084187695	-1.5781607	0.19548467
2.9177396	0.12468594	-1.5263133	0.21727402
3.3469546	0.21460749	-1.4253729	0.25629423
4.2543635	0.45370444	-1.1314652	0.48237673
4.5100805	0.1278585	-0.98949397	0.66449428
4.7098676	0.09989355	-0.83103006	0.98088874
4.8521253	0.071128871	-0.66327257	1.4557071
4.9574844	0.052679526	-0.47934181	2.1323205
5.0390728	0.040794224	-0.2725324	3.0462361
5.107392	0.03415961	-0.027228611	4.2474097
5.1753397	0.033973841	0.31414971	5.8875292
5.2397691	0.032214718	0.74593297	7.3600016
5.2772119	0.01872138	1.0295519	7.6133144
5.3102534	0.016520772	1.2764599	7.1590075
5.345177	0.017461759	1.5089974	6.0097447
5.377683	0.016253044	1.6822869	4.6151135
5.4190846	0.020700787	1.8367084	2.9225538
5.4521526	0.016533971	1.9147182	1.8781924
5.4863043	0.017075852	1.9645936	1.1231503
5.5204132	0.017054451	1.9935344	0.63360793
5.5575418	0.018564317	2.0101686	0.30915027
5.5997255	0.02109183	2.018109	0.1028113
5.6495894	0.024931963	2.019536	-0.019822559
5.7110319	0.030721271	2.0157564	-0.085783361
5.7905548	0.039761416	2.0072823	-0.11670018
5.9001669	0.05480606	1.9934998	-0.12914111
6.0645487	0.0821909	1.9716193	-0.13444385
6.3389851	0.13721821	1.9338448	-0.13904085
6.8352748	0.24814482	1.8616372	-0.14188913
7.1487673	0.15674628	1.8138813	-0.15049939
7.448617	0.14992486	1.7661292	-0.1610763
7.7898141	0.17059852	1.7085577	-0.17294048
8.2706755	0.24043071	1.6203188	-0.19240902
9.0760217	0.40267311	1.4461006	-0.25109877
9.7748164	0.34939737	1.2428165	-0.36961807
10.351762	0.28847254	0.96884769	-0.6982973
10.522432	0.085335203	0.82923438	-0.98469123
10.665529	0.071548312	0.65950777	-1.4675275
10.77022	0.05234574	0.47529519	-2.1483762
10.851444	0.040611961	0.26789546	-3.067658
10.919588	0.034071836	0.021535029	-4.2753846
10.987338	0.033875078	-0.32087237	-5.9168269
11.051812	0.032237196	-0.75470125	-7.3774986
11.088884	0.018535835	-1.035744	-7.6097534
11.121871	0.016493711	-1.2818683	-7.1401921
11.15667	0.01739917	-1.5127498	-5.9841442
11.189225	0.016277802	-1.68537	-4.5851166
11.231053	0.020914032	-1.8398406	-2.8827462
11.264144	0.016545234	-1.916748	-1.8484222
11.298226	0.017040994	-1.9657125	-1.104545
11.3324	0.017087242	-1.994186	-0.62115721
11.369657	0.018628347	-2.0105019	-0.30105076
11.41204	0.021191575	-2.0182095	-0.097824957
11.462202	0.025081096	-2.0194563	0.022642125
11.524099	0.030948431	-2.0155252	0.087195545
11.604349	0.040125005	-2.0069002	0.11730464
11.715217	0.055434114	-1.9929202	0.12937566
11.881995	0.083388734	-1.9706948	0.13458136
12.161408	0.1397068	-1.9321886	0.13921549
12.666889	0.25274054	-1.8584301	0.14152944
12.962886	0.14799835	-1.8133859	0.15118864
13.248338	0.14272578	-1.7679769	0.1614381
13.598567	0.17511457	-1.708912	0.17317089
14.13117	0.26630152	-1.6106006	0.1947996
15.103888	0.48635882	-1.3911797	0.28098409
15.773723	0.33491797	-1.1709875	0.43242168
16.164747	0.19551189	-0.9634838	0.70364167
16.342031	0.088642074	-0.81591861	1.0140931
16.481261	0.069614842	-0.64585851	1.50979
16.583793	0.051265891	-0.4603196	2.2072322
16.663731	0.0399689	-0.250737	3.1462365
16.731275	0.033772116	-0.00040335511	4.3780978
16.798349	0.033537156	0.34592068	6.0235388
16.863051	0.032351072	0.78756742	7.4366611
16.898895	0.017921619	1.0599483	7.5908682
16.931686	0.016395724	1.3029743	7.0620087
16.966034	0.017173841	1.5275464	5.8799665
16.998824	0.016395023	1.6975922	4.4634395
17.042607	0.021891525	1.8526098	2.717224
17.075785	0.016588843	1.9249333	1.7260892
17.109644	0.016929809	1.9702582	1.0271934
17.144128	0.017241822	1.9967968	0.56943657
17.181961	0.018916722	2.0117831	0.26752141
17.225235	0.021636852	2.0185133	0.077301443
17.276728	0.025746359	2.0189995	-0.034150973
17.340656	0.031964383	2.0144215	-0.092895018
17.424175	0.041759292	2.0051391	-0.11971585
17.540731	0.058277761	1.9902765	-0.13032122
17.718448	0.088858678	1.9664774	-0.13517864
18.020644	0.15109823	1.9246011	-0.13999236
18.566874	0.2731146	1.8437569	-0.13876676
18.823362	0.12824418	1.804732	-0.1525662
19.062699	0.1196688	1.7665745	-0.16243959
19.404224	0.17076203	1.7089217	-0.17375505
20.024509	0.31014294	1.5933335	-0.20052393
20.97437	0.47493019	1.3754346	-0.29904164
21.563178	0.29440405	1.1772319	-0.4262159
22.021968	0.22939523	0.92785157	-0.7709807
22.180187	0.079109142	0.78420813	-1.0972827
22.31149	0.06565191	0.6106183	-1.6322927
22.408526	0.048517592	0.4211144	-2.3742788
22.485254	0.038364077	0.2051289	-3.3669748
22.551388	0.033067203	-0.05682911	-4.6646308
22.616886	0.032748878	-0.41482886	-6.3141989
22.682509	0.032811586	-0.87937656	-7.5640957
22.716004	0.016747545	-1.1344704	-7.502316
22.748328	0.016161895	-1.3680803	-6.7929804
22.781589	0.016630674	-1.5747958	-5.534173
22.815514	0.016962502	-1.7375648	-4.0570211
22.850584	0.017534923	-1.8546183	-2.6906364
22.883909	0.016662278	-1.9264285	-1.7033836
22.917731	0.016911083	-1.9710875	-1.0128098
22.95228	0.0172743	-1.9972677	-0.55982158
22.990228	0.018974473	-2.0120053	-0.2613111
23.033679	0.021725485	-2.0185518	-0.073522189
23.085437	0.025878748	-2.0188943	0.036252334
23.149771	0.032167131	-2.0141926	0.093923728
23.233945	0.042087089	-2.0047821	0.12014597
23.35165	0.058852212	-1.9897433	0.130492
23.531595	0.089972686	-1.9656238	0.13529469
23.838438	0.15342126	-1.923056	0.14014536
24.392704	0.27713333	-1.8407669	0.13793377
24.637799	0.12254734	-1.8035458	0.15284303
24.868353	0.1152771	-1.7667841	0.1625091
25.210113	0.17088	-1.7090995	0.17378338
25.848683	0.31928509	-1.5898982	0.20172871
27.049803	0.60055992	-1.3040293	0.37267779
27.514908	0.23255225	-1.1158968	0.49715282
27.844216	0.16465428	-0.91550455	0.79782173
28.003583	0.079683244	-0.76480175	1.1520874
28.129789	0.063102937	-0.58978322	1.7087714
28.223839	0.047025233	-0.39771894	2.4778014
28.298845	0.037503061	-0.1776208	3.5030872
28.364313	0.032733624	0.091982204	4.8406896
28.429069	0.032378458	0.45784905	6.4867298
28.495507	0.033218754	0.93740613	7.6072631
28.528122	0.016307769	1.1849257	7.4071252
28.560321	0.016099286	1.4124718	6.5765835
28.593142	0.016410237	1.6081978	5.2685527
28.62839	0.017624008	1.7667452	3.7422559
28.657912	0.01476144	1.8598829	2.6228365
28.691295	0.016691162	1.9298472	1.6533498
28.725051	0.016878238	1.9730584	0.98079179
28.759744	0.017346309	1.9984359	0.53845997
28.797953	0.019104469	2.0126165	0.24754642
28.841804	0.021925744	2.0187516	0.065178078
28.894163	0.026179184	2.0187724	-0.040864523
28.959421	0.032629306	2.0137936	-0.096160373
29.045097	0.04283809	2.0040939	-0.12106672
29.165449	0.060175928	1.9886525	-0.13085075
29.350559	0.092554701	1.963793	-0.13554173
29.668178	0.15880989	1.9196211	-0.14047317
30.240693	0.28625748	1.8339894	-0.13551772
30.462214	0.11076046	1.8005467	-0.15318778
30.674423	0.10610409	1.766703	-0.16260382
31.009823	0.16770011	1.7101224	-0.17366746
31.659989	0.32508291	1.588789	-0.20244767
32.734818	0.53741473	1.3373555	-0.33891331
33.33092	0.29805079	1.1109566	-0.50179109
33.638138	0.15360926	0.92450138	-0.77946204
33.80182	0.081841176	0.77313103	-1.1286832
33.929981	0.064080021	0.59899478	-1.6750725
34.025319	0.047669096	0.40804763	-2.4322195
34.10106	0.037870861	0.18977606	-3.4431454
34.166801	0.032870284	-0.076400211	-4.7631455
34.231861	0.032530118	-0.43872002	-6.4113998
34.297912	0.033025373	-0.91156004	-7.5922592
34.330874	0.016480984	-1.162246	-7.4540229
34.363105	0.016115493	-1.3924768	-6.6779228
34.396091	0.016493112	-1.5930471	-5.3917343
34.43067	0.017289499	-1.7534032	-3.8886038
34.463387	0.01635853	-1.859025	-2.6342462
34.496745	0.016678884	-1.9292753	-1.662075
34.530511	0.016883117	-1.9727365	-0.98638212
34.565177	0.017332781	-1.9982533	-0.54219063
34.603338	0.019080749	-2.012531	-0.24994854
34.647117	0.02188949	-2.0187382	-0.06663245
34.699367	0.02612498	-2.0188155	0.040061821
34.764459	0.032546041	-2.0138858	0.095771419
34.849865	0.042702826	-2.0042377	0.12090587
34.96974	0.059937349	-1.9888689	0.13078633
35.153917	0.092088785	-1.9641432	0.13549541
35.469594	0.15783831	-1.920262	0.14041212
36.038851	0.28462834	-1.8352361	0.13599411
36.264303	0.11272612	-1.8011595	0.15314589
36.479581	0.10763903	-1.7668289	0.16258159
36.816719	0.16856899	-1.7099525	0.17369088
37.467715	0.32549792	-1.5884213	0.20250489
38.551531	0.541908	-1.3343466	0.34142034
39.1437	0.2960847	-1.1077118	0.50567071
39.445244	0.15077216	-0.92363056	0.78127797
39.608826	0.081790855	-0.77195986	1.1319696
39.736689	0.063931638	-0.59772854	1.6796999
39.831848	0.047579348	-0.40662719	2.4384846
39.907487	0.037819265	-0.18810602	3.4513855
39.973188	0.032850585	0.078535951	4.7738066
40.038204	0.032508237	0.44133603	6.4218192
